0	0	0	0	0	0	1.79769e+308	0	0	0	
0	0	0	0	0	0	1.79769e+308	0	0	0	
0	0	0	0	0	0	1.79769e+308	0	0	0	
0	0	0	0	0	0	1.79769e+308	0	0	0	
0	0	0	0	0	0	1.79769e+308	0	0	0	
0	0	0	0	0	0	1.79769e+308	0	0	0	
0	0	0	0	0	0	1.79769e+308	0	0	0	
0	0	0	0	0	0	1.79769e+308	0	0	0	
0	0	0	0	0	0	1.79769e+308	0	0	0	
0	0	0	0	0	0	1.79769e+308	0	0	0	
0	0	0	0	0	0	1.79769e+308	0	0	0	
0	0	0	0	0	0	1.79769e+308	0	0	0	
0	0	0	0	0	0	1.79769e+308	0	0	0	
0	0	0	0	0	0	1.79769e+308	0	0	0	
0	0	0	0	0	0	1.79769e+308	0	0	0	
0	0	0	0	0	0	1.79769e+308	0	0	0	
0	0	0	0	0	0	1.79769e+308	0	0	0	
0	0	0	0	0	0	1.79769e+308	0	0	0	
0	0	0	0	0	0	1.79769e+308	0	0	0	
0	0	0	0	0	0	1.79769e+308	0	0	0	
0	0	0	0	0	0	1.79769e+308	0	0	0	
0	0	0	0	0	0	1.79769e+308	0	0	0	
0	0	0	0	0	0	1.79769e+308	0	0	0	
0	0	0	0	0	0	1.79769e+308	0	0	0	
0	0	0	0	0	0	1.79769e+308	0	0	0	
0	0	0	0	0	0	1.79769e+308	0	0	0	
0	0	0	0	0	0	1.79769e+308	0	0	0	
0	0	0	0	0	0	1.79769e+308	0	0	0	
0	0	0	0	0	0	1.79769e+308	0	0	0	
0	0	0	0	0	0	1.79769e+308	0	0	0	
0	0	0	0	0	0	1.79769e+308	0	0	0	
0	0	0	0	0	0	1.79769e+308	0	0	0	
0	0	0	0	0	0	1.79769e+308	0	0	0	
0	0	0	0	0	0	1.79769e+308	0	0	0	
0	0	0	0	0	0	1.79769e+308	0	0	0	
0	0	0	0	0	0	1.79769e+308	0	0	0	
0	0	0	0	0	0	1.79769e+308	0	0	0	
0	0	0	0	0	0	1.79769e+308	0	0	0	
0	0	0	0	0	0	1.79769e+308	0	0	0	
0	0	0	0	0	0	1.79769e+308	0	0	0	
0	0	0	0	0	0	1.79769e+308	0	0	0	
0	0	0	0	0	0	1.79769e+308	0	0	0	
0	0	0	0	0	0	1.79769e+308	0	0	0	
0	0	0	0	0	0	1.79769e+308	0	0	0	
0	0	0	0	0	0	1.79769e+308	0	0	0	
0	0	0	0	0	0	1.79769e+308	0	0	0	
0	0	0	0	0	0	1.79769e+308	0	0	0	
0	0	0	0	0	0	1.79769e+308	0	0	0	
0	0	0	0	0	0	1.79769e+308	0	0	0	
0	0	0	0	0	0	1.79769e+308	0	0	0	
0	0	0	0	0	0	1.79769e+308	0	0	0	
0	0	0	0	0	0	1.79769e+308	0	0	0	
0	0	0	0	0	0	1.79769e+308	0	0	0	
0	0	0	0	0	0	1.79769e+308	0	0	0	
0	0	0	0	0	0	1.79769e+308	0	0	0	
0	0	0	0	0	0	1.79769e+308	0	0	0	
0	0	0	0	0	0	1.79769e+308	0	0	0	
0	0	0	0	0	0	1.79769e+308	0	0	0	
0	0	0	0	0	0	1.79769e+308	0	0	0	
0	0	0	0	0	0	1.79769e+308	0	0	0	
0	0	0	0	0	0	1.79769e+308	0	0	0	
0	0	0	0	0	0	1.79769e+308	0	0	0	
0	0	0	0	0	0	1.79769e+308	0	0	0	
0	0	0	0	0	0	1.79769e+308	0	0	0	
0	0	0	0	0	0	1.79769e+308	0	0	0	
0	0	0	0	0	0	1.79769e+308	0	0	0	
0	0	0	0	0	0	1.79769e+308	0	0	0	
0	0	0	0	0	0	1.79769e+308	0	0	0	
0	0	0	0	0	0	1.79769e+308	0	0	0	
0	0	0	0	0	0	1.79769e+308	0	0	0	
0	0	0	0	0	0	1.79769e+308	0	0	0	
0	0	0	0	0	0	1.79769e+308	0	0	0	
0	0	0	0	0	0	1.79769e+308	0	0	0	
0	0	0	0	0	0	1.79769e+308	0	0	0	
0	0	0	0	0	0	1.79769e+308	0	0	0	
0	0	0	0	0	0	1.79769e+308	0	0	0	
0	0	0	0	0	0	1.79769e+308	0	0	0	
0	0	0	0	0	0	1.79769e+308	0	0	0	
0	0	0	0	0	0	1.79769e+308	0	0	0	
0	0	0	0	0	0	1.79769e+308	0	0	0	
0	0	0	0	0	0	1.79769e+308	0	0	0	
0	0	0	0	0	0	1.79769e+308	0	0	0	
0	0	0	0	0	0	1.79769e+308	0	0	0	
0	0	0	0	0	0	1.79769e+308	0	0	0	
0	0	0	0	0	0	1.79769e+308	0	0	0	
0	0	0	0	0	0	1.79769e+308	0	0	0	
0	0	0	0	0	0	1.79769e+308	0	0	0	
0	0	0	0	0	0	1.79769e+308	0	0	0	
0	0	0	0	0	0	1.79769e+308	0	0	0	
0	0	0	0	0	0	1.79769e+308	0	0	0	
0	0	0	0	0	0	1.79769e+308	0	0	0	
0	0	0	0	0	0	1.79769e+308	0	0	0	
0	0	0	0	0	0	1.79769e+308	0	0	0	
0	0	0	0	0	0	1.79769e+308	0	0	0	
0	0	0	0	0	0	1.79769e+308	0	0	0	
0	0	0	0	0	0	1.79769e+308	0	0	0	
0	0	0	0	0	0	1.79769e+308	0	0	0	
0	0	0	0	0	0	1.79769e+308	0	0	0	
0	0	0	0	0	0	1.79769e+308	0	0	0	
0	0	0	0	0	0	1.79769e+308	0	0	0	
0	0	0	0	0	0	1.79769e+308	0	0	0	
0	0	0	0	0	0	1.79769e+308	0	0	0	
0	0	0	0	0	0	1.79769e+308	0	0	0	
0	0	0	0	0	0	1.79769e+308	0	0	0	
0	0	0	0	0	0	1.79769e+308	0	0	0	
0	0	0	0	0	0	1.79769e+308	0	0	0	
0	0	0	0	0	0	1.79769e+308	0	0	0	
0	0	0	0	0	0	1.79769e+308	0	0	0	
0	0	0	0	0	0	1.79769e+308	0	0	0	
0	0	0	0	0	0	1.79769e+308	0	0	0	
0	0	0	0	0	0	1.79769e+308	0	0	0	
0	0	0	0	0	0	1.79769e+308	0	0	0	
0	0	0	0	0	0	1.79769e+308	0	0	0	
0	0	0	0	0	0	1.79769e+308	0	0	0	
0	0	0	0	0	0	1.79769e+308	0	0	0	
0	0	0	0	0	0	1.79769e+308	0	0	0	
0	0	0	0	0	0	1.79769e+308	0	0	0	
0	0	0	0	0	0	1.79769e+308	0	0	0	
0	0	0	0	0	0	1.79769e+308	0	0	0	
0	0	0	0	0	0	1.79769e+308	0	0	0	
0	0	0	0	0	1	0.108	0	1	0	
0	0	0	0	0	0	1.79769e+308	0	0	0	
0	0	0	0	0	0	1.79769e+308	0	0	0	
0	0	0	0	0	1	0.125	0	1	0	
0	0	0	0	0	0	1.79769e+308	0	0	0	
0	0	0	0	0	0	1.79769e+308	0	0	0	
0	0	0	0	0	1	0.144	0	1	0	
0	0	0	0	0	0	1.79769e+308	0	0	0	
0	0	0	0	0	0	1.79769e+308	0	0	0	
0	0	0	0	0	1	0.162	0	1	0	
0	0	0	0	0	0	1.79769e+308	0	0	0	
0	0	0	0	0	0	1.79769e+308	0	0	0	
0	0	0	0	0	1	0.181	0	1	0	
0	0	0	0	0	0	1.79769e+308	0	0	0	
0	0	0	0	0	0	1.79769e+308	0	0	0	
0	0	0	0	0	1	0.2	0	1	0	
0	0	0	0	0	0	1.79769e+308	0	0	0	
0	0	0	0	0	1	0.055	1	0	0	
0	0	0	0	0	1	0.218	0	1	0	
0	0	0	0	0	0	1.79769e+308	0	0	0	
0	0	0	0	0	1	0.073	0	0	0	
0	0	0	0	0	1	0.235	0	1	0	
0	0	0	0	0	0	1.79769e+308	0	0	0	
0	0	0	0	0	1	0.09	0	0	0	
0	0	0	0	0	0	0.255	0	0	0	
0	0	0	0	0	0	1.79769e+308	0	0	0	
0	0	0	0	0	1	0.11	0	0	0	
0	0	0	0	0	0	0.273	0	0	0	
0	0	0	0	0	0	1.79769e+308	0	0	0	
0	0	0	0	0	1	0.128	0	0	0	
0	0	0	0	0	0	0.291	0	0	0	
0	0	0	0	0	0	1.79769e+308	0	0	0	
0	0	0	0	0	1	0.146	0	0	0	
0	0	0	0	0	0	0.309	0	0	0	
0	0	0	0	0	0	1.79769e+308	0	0	0	
0	0	0	0	0	1	0.169	0	0	0	
0	0	0	0	0	0	0.328	1	0	0	
0	0	0	0	0	0	1.79769e+308	0	0	0	
0	0	0	0	0	1	0.183	0	0	0	
0	0	0	0	0	0	0.346	0	0	0	
0	0	0	0	0	0	1.79769e+308	0	0	0	
0	0	0	0	0	1	0.202	0	1	0	
0	0	0	0	0	0	0.363	0	0	0	
0	0	0	0	0	0	1.79769e+308	0	0	0	
0	0	0	0	0	1	0.218	0	1	0	
0	0	0	0	0	0	0.381	0	0	0	
0	0	0	0	0	0	1.79769e+308	0	0	0	
0	0	0	0	0	1	0.236	0	1	0	
0	0	0	0	0	0	0.399	0	0	0	
0	0	0	0	0	0	1.79769e+308	0	0	0	
0	0	0	0	0	0	0.257	0	0	0	
0	0	0	0	0	0	0.417	0	0	0	
0	0	0	0	0	0	1.79769e+308	0	0	0	
0	0	0	0	0	0	0.273	0	0	0	
0	0	0	0	0	0	0.434	0	0	0	
0	0	0	0	0	0	1.79769e+308	0	0	0	
0	0	0	0	0	0	0.289	0	0	0	
0	0	0	0	0	0	0.452	0	0	0	
0	0	0	0	0	0	1.79769e+308	0	0	0	
0	0	0	0	0	0	0.308	0	0	0	
0	0	0	0	0	0	0.472	0	0	0	
0	0	0	0	0	0	1.79769e+308	0	0	0	
0	0	0	0	0	0	0.327	0	0	0	
0	0	0	0	0	0	0.49	0	0	0	
0	0	0	0	0	0	1.79769e+308	0	0	0	
0	0	0	0	0	0	0.345	0	0	0	
0	0	0	0	0	0	0.509	0	0	0	
0	0	0	0	0	0	1.79769e+308	0	0	0	
0	0	0	0	0	0	0.365	0	0	0	
0	0	0	0	0	0	0.525	0	0	0	
0	0	0	0	0	0	1.79769e+308	0	0	0	
0	0	0	0	0	0	0.38	0	0	0	
0	0	0	0	0	0	0.544	0	0	0	
0	0	0	0	0	0	1.79769e+308	0	0	0	
0	0	0	0	0	0	0.399	0	0	0	
0	0	0	0	0	0	0.562	0	0	0	
0	0	0	0	0	0	1.79769e+308	0	0	0	
0	0	0	0	0	0	0.417	0	0	0	
0	0	0	0	0	0	0.58	0	0	0	
0	0	0	0	0	0	1.79769e+308	0	0	0	
0	0	0	0	0	0	0.437	0	0	0	
0	0	0	0	0	0	0.597	0	0	0	
0	0	0	0	0	0	1.79769e+308	0	0	0	
0	0	0	0	0	0	0.453	0	0	0	
0	0	0	0	0	0	0.616	0	0	0	
0	0	0	0	0	0	1.79769e+308	0	0	0	
0	0	0	0	0	0	0.471	0	0	0	
0	0	0	0	0	0	0.635	0	0	0	
0	0	0	0	0	0	1.79769e+308	0	0	0	
0	0	0	0	0	0	0.49	0	0	0	
0	0	0	0	0	0	0.652	0	0	0	
0	0	0	0	0	0	1.79769e+308	0	0	0	
0	0	0	0	0	0	0.509	0	0	0	
0	0	0	0	0	0	0.67	0	0	0	
0	0	0	0	0	0	1.79769e+308	0	0	0	
0	0	0	0	0	1	0	0	0	0	
0	0	0	0	0	0	0.687	0	0	0	
0	0	0	0	0	0	1.79769e+308	0	0	0	
0	0	0	0	0	1	0.017	0	0	0	
0	0	0	0	0	0	0.705	0	0	0	
0	0	0	0	0	0	1.79769e+308	0	0	0	
0	0	0	0	0	1	0.035	0	0	0	
0	0	0	0	0	0	0.723	0	0	0	
0	0	0	0	0	0	1.79769e+308	0	0	0	
0	0	0	0	0	1	0.053	0	0	0	
0	0	0	0	0	0	0.74	0	0	0	
0	0	0	0	0	0	1.79769e+308	0	0	0	
0	0	0	0	0	1	0.071	0	0	0	
0	0	0	0	0	0	0.759	0	0	0	
0	0	0	0	0	0	1.79769e+308	0	0	0	
0	0	0	0	0	1	0.089	0	0	0	
0	0	0	0	0	0	0.775	0	0	0	
0	0	0	0	0	0	1.79769e+308	0	0	0	
0	0	0	0	0	1	0.105	0	0	0	
0	0	0	0	0	0	0.794	0	0	0	
0	0	0	0	0	0	1.79769e+308	0	0	0	
0	0	0	0	0	1	0.124	0	0	0	
0	0	0	0	0	0	0.812	0	0	0	
0	0	0	0	0	0	1.79769e+308	0	0	0	
0	0	0	0	0	1	0.142	0	0	0	
0	0	0	0	0	0	0.831	0	0	0	
0	0	0	0	0	0	1.79769e+308	0	0	0	
0	0	0	0	0	1	0.162	0	0	0	
0	0	0	0	0	0	0.85	0	0	0	
0	0	0	0	0	0	1.79769e+308	0	0	0	
0	0	0	0	0	1	0.181	0	0	0	
0	0	0	0	0	0	0.868	0	0	0	
0	0	0	0	0	0	1.79769e+308	0	0	0	
0	0	0	0	0	1	0.198	0	0	0	
0	0	0	0	0	0	0.885	0	0	0	
0	0	0	0	0	0	1.79769e+308	0	0	0	
0	0	0	0	0	1	0.216	0	1	0	
0	0	0	0	0	0	0.902	0	0	0	
0	0	0	0	0	0	1.79769e+308	0	0	0	
0	0	0	0	0	1	0.234	0	1	0	
0	0	0	0	0	0	0.921	0	0	0	
0	0	0	0	0	0	1.79769e+308	0	0	0	
0	0	0	0	0	1	0.251	0	1	0	
0	0	0	0	0	0	0.939	0	0	0	
0	0	0	0	0	0	1.79769e+308	0	0	0	
0	0	0	0	0	0	0.269	0	0	0	
0	0	0	0	0	0	0.956	0	0	0	
0	0	0	0	0	0	1.79769e+308	0	0	0	
0	0	0	0	0	0	0.286	0	0	0	
0	0	0	0	0	0	0.974	0	0	0	
0	0	0	0	0	0	1.79769e+308	0	0	0	
0	0	0	0	0	0	0.304	1	0	0	
0	0	0	0	0	0	0.992	0	0	0	
0	0	0	0	0	1	0.217	0	1	0	
0	0	0	0	0	0	0.323	0	0	0	
0	0	0	0	0	0	1.012	0	0	0	
0	0	0	0	0	1	0.237	0	1	0	
0	0	0	0	0	0	0.342	0	0	0	
0	0	0	0	0	0	1.03	0	0	0	
0	0	0	0	0	1	0.255	0	1	0	
0	0	0	0	0	0	0.36	0	0	0	
0	0	0	0	0	0	1.049	0	0	0	
0	0	0	0	0	1	0	0	1	0	
0	0	0	0	0	0	0.379	0	0	0	
0	0	0	0	0	0	1.067	0	0	0	
0	0	0	0	0	1	0.018	0	1	0	
0	0	0	0	0	0	0.397	0	0	0	
0	0	0	0	0	0	1.084	0	0	0	
0	0	0	0	0	1	0.035	0	1	0	
0	0	0	0	0	0	0.414	0	0	0	
0	0	0	0	0	0	1.103	0	0	0	
0	0	0	0	0	1	0.054	0	1	0	
0	0	0	0	0	0	0.433	0	0	0	
0	0	0	0	0	0	1.12	0	0	0	
0	0	0	0	0	1	0.071	0	1	0	
0	0	0	0	0	0	0.451	0	0	0	
0	0	0	0	0	0	1.138	0	0	0	
0	0	0	0	0	1	0.089	0	1	0	
0	0	0	0	0	0	0.468	0	0	0	
0	0	0	0	0	0	1.156	0	0	0	
0	0	0	0	0	1	0.108	0	1	0	
0	0	0	0	0	0	0.487	0	0	0	
0	0	0	0	0	0	1.173	0	0	0	
0	0	0	0	0	1	0.124	0	1	0	
0	0	0	0	0	0	0.503	0	0	0	
0	0	0	0	0	0	1.191	0	0	0	
0	0	0	0	0	1	0.142	0	1	0	
0	0	0	0	0	0	0.521	0	0	0	
0	0	0	0	0	0	1.209	0	0	0	
0	0	0	0	0	1	0.16	0	1	0	
0	0	0	0	0	0	0.539	0	0	0	
0	0	0	0	0	0	1.226	0	0	0	
0	0	0	0	0	1	0.177	0	1	0	
0	0	0	0	0	0	0.557	0	0	0	
0	0	0	0	0	0	1.245	0	0	0	
0	0	0	0	0	1	0.196	0	1	0	
0	0	0	0	0	0	0.575	0	0	0	
0	0	0	0	0	0	1.267	0	0	0	
0	0	0	0	0	1	0.218	0	1	0	
0	0	0	0	0	0	0.597	0	0	0	
0	0	0	0	0	0	1.281	0	0	0	
0	0	0	0	0	1	0.232	0	1	0	
0	0	0	0	0	0	0.611	0	0	0	
0	0	0	0	0	0	1.299	0	0	0	
0	0	0	0	0	1	0	0	1	0	
0	0	0	0	0	0	0.63	0	0	0	
0	0	0	0	0	0	1.317	0	0	0	
0	0	0	0	0	1	0.018	0	1	0	
0	0	0	0	0	0	0.647	0	0	0	
0	0	0	0	0	0	1.335	0	0	0	
0	0	0	0	0	1	0.036	0	1	0	
0	0	0	0	0	0	0.665	0	0	0	
0	0	0	0	0	0	1.353	0	0	0	
0	0	0	0	0	1	0.054	0	1	0	
0	0	0	0	0	0	0.683	0	0	0	
0	0	0	0	0	0	1.371	0	0	0	
0	0	0	0	0	1	0.072	0	1	0	
0	0	0	0	0	0	0.702	0	0	0	
0	0	0	0	0	0	1.387	0	0	0	
0	0	0	0	0	1	0.088	0	1	0	
0	0	0	0	0	0	0.717	0	0	0	
0	0	0	0	0	0	1.406	0	0	0	
0	0	0	0	0	1	0.107	0	1	0	
0	0	0	0	0	0	0.736	0	0	0	
0	0	0	0	0	0	1.424	0	0	0	
0	0	0	0	0	1	0.126	0	1	0	
0	0	0	0	0	0	0.755	0	0	0	
0	0	0	0	0	0	1.441	0	0	0	
0	0	0	0	0	1	0.142	0	1	0	
0	0	0	0	0	0	0.771	0	0	0	
0	0	0	0	0	0	1.458	0	0	0	
0	0	0	0	0	1	0.159	0	1	0	
0	0	0	0	0	0	0.788	0	0	0	
0	0	0	0	0	0	1.476	0	0	0	
0	0	0	0	0	1	0.177	0	1	0	
0	0	0	0	0	0	0.807	0	0	0	
0	0	0	0	0	0	1.495	0	0	0	
0	0	0	0	0	1	0.196	0	1	0	
0	0	0	0	0	0	0.825	0	0	0	
0	0	0	0	0	0	1.513	0	0	0	
0	0	0	0	0	1	0.214	0	1	0	
0	0	0	0	0	0	0.844	0	0	0	
0	0	0	0	0	0	1.53	0	0	0	
0	0	0	0	0	1	0.231	0	1	0	
0	0	0	0	0	0	0.86	0	0	0	
0	0	0	0	0	0	1.548	0	0	0	
0	0	0	0	0	1	0	0	1	0	
0	0	0	0	0	0	0.878	0	0	0	
0	0	0	0	0	0	1.566	0	0	0	
0	0	0	0	0	1	0.018	0	1	0	
0	0	0	0	0	0	0.896	0	0	0	
0	0	0	0	0	0	1.582	0	0	0	
0	0	0	0	0	1	0.034	0	1	0	
0	0	0	0	0	0	0.913	0	0	0	
0	0	0	0	0	0	1.601	0	0	0	
0	0	0	0	0	1	0.053	0	1	0	
0	0	0	0	0	0	0.931	0	0	0	
0	0	0	0	0	0	1.62	0	0	0	
0	0	0	0	0	1	0.072	0	1	0	
0	0	0	0	0	0	0.95	0	0	0	
0	0	0	0	0	0	1.639	0	0	0	
0	0	0	0	0	1	0.091	0	1	0	
0	0	0	0	0	0	0.97	0	0	0	
0	0	0	0	0	0	1.656	0	0	0	
0	0	0	0	0	1	0.108	0	1	0	
0	0	0	0	0	0	0.987	0	0	0	
0	0	0	0	0	0	1.673	0	0	0	
0	0	0	0	0	1	0.125	0	1	0	
0	0	0	0	0	0	1.003	0	0	0	
0	0	0	0	0	0	1.692	0	0	0	
0	0	0	0	0	1	0.145	0	1	0	
0	0	0	0	0	0	1.023	0	0	0	
0	0	0	0	0	0	1.708	0	0	0	
0	0	0	0	0	1	0.16	0	1	0	
0	0	0	0	0	0	1.038	0	0	0	
0	0	0	0	0	0	1.727	0	0	0	
0	0	0	0	0	1	0.179	0	1	0	
0	0	0	0	0	0	1.057	0	0	0	
0	0	0	0	0	0	1.745	0	0	0	
0	0	0	0	0	1	0.197	0	1	0	
0	0	0	0	0	0	1.075	0	0	0	
0	0	0	0	0	0	1.762	0	0	0	
0	0	0	0	0	1	0.214	0	1	0	
0	0	0	0	0	0	1.092	0	0	0	
0	0	0	0	0	0	1.781	0	0	0	
0	0	0	0	0	1	0.233	0	1	0	
0	0	0	0	0	0	1.111	0	0	0	
0	0	0	0	0	0	1.797	0	0	0	
0	0	0	0	0	1	0	0	1	0	
0	0	0	0	0	0	1.127	0	0	0	
0	0	0	0	0	0	1.814	0	0	0	
0	0	0	0	0	1	0.017	0	1	0	
0	0	0	0	0	0	1.144	0	0	0	
0	0	0	0	0	0	1.831	0	0	0	
0	0	0	0	0	1	0.034	0	1	0	
0	0	0	0	0	0	1.162	0	0	0	
0	0	0	0	0	0	1.85	0	0	0	
0	0	0	0	0	1	0.053	0	1	0	
0	0	0	0	0	0	1.18	0	0	0	
0	0	0	0	0	0	1.867	0	0	0	
0	0	0	0	0	1	0.07	0	1	0	
0	0	0	0	0	0	1.197	0	0	0	
0	0	0	0	0	0	1.886	0	0	0	
0	0	0	0	0	1	0.089	0	1	0	
0	0	0	0	0	0	1.216	0	0	0	
0	0	0	0	0	0	1.903	0	0	0	
0	0	0	0	0	1	0.106	0	1	0	
0	0	0	0	0	0	1.234	0	0	0	
0	0	0	0	0	0	1.92	0	0	0	
0	0	0	0	0	1	0.123	0	1	0	
0	0	0	0	0	0	1.25	0	0	0	
0	0	0	0	0	0	1.937	0	0	0	
0	0	0	0	0	1	0.142	0	1	0	
0	0	0	0	0	0	1.269	0	0	0	
0	0	0	0	0	0	1.955	0	0	0	
0	0	0	0	0	1	0.158	0	1	0	
0	0	0	0	0	0	1.285	0	0	0	
0	0	0	0	0	0	1.972	0	0	0	
0	0	0	0	0	1	0.175	0	1	0	
0	0	0	0	0	0	1.302	0	0	0	
0	0	0	0	0	0	1.991	0	0	0	
0	0	0	0	0	1	0.194	0	1	0	
0	0	0	0	0	0	1.321	0	0	0	
0	0	0	0	0	0	2.009	0	0	0	
0	0	0	0	0	1	0.212	0	1	0	
0	0	0	0	0	0	1.339	0	0	0	
0	0	0	0	0	0	2.026	0	0	0	
0	0	0	0	0	1	0.229	0	1	0	
0	0	0	0	0	0	1.356	0	0	0	
0	0	0	0	0	0	2.046	0	0	0	
0	0	0	0	0	1	0.25	0	1	0	
0	0	0	0	0	0	1.377	0	0	0	
0	0	0	0	0	0	2.063	0	0	0	
0	0	0	0	0	0	0.266	0	0	0	
0	0	0	0	0	0	1.394	0	0	0	
0	0	0	0	0	0	2.082	0	0	0	
0	0	0	0	0	0	0.285	0	0	0	
0	0	0	0	0	0	1.412	0	0	0	
0	0	0	0	0	0	2.101	0	0	0	
0	0	0	0	0	0	0.304	0	0	0	
0	0	0	0	0	0	1.431	0	0	0	
0	0	0	0	0	0	2.117	0	0	0	
0	0	0	0	0	0	0.32	0	0	0	
0	0	0	0	0	0	1.447	0	0	0	
0	0	0	0	0	0	2.135	0	0	0	
0	0	0	0	0	0	0.339	0	0	0	
0	0	0	0	0	0	1.466	0	0	0	
0	0	0	0	0	0	2.153	0	0	0	
0	0	0	0	0	0	0.356	0	0	0	
0	0	0	0	0	0	1.484	0	0	0	
0	0	0	0	0	0	2.17	0	0	0	
0	0	0	0	0	0	0.373	0	0	0	
0	0	0	0	0	0	1.5	0	0	0	
0	0	0	0	0	0	2.188	0	0	0	
0	0	0	0	0	0	0.392	0	0	0	
0	0	0	0	0	0	1.519	0	0	0	
0	0	0	0	0	0	2.205	0	0	0	
0	0	0	0	0	0	0.408	0	0	0	
0	0	0	0	0	0	1.536	0	0	0	
0	0	0	0	0	0	2.223	0	0	0	
0	0	0	0	0	0	0.426	0	0	0	
0	0	0	0	0	0	1.553	0	0	0	
0	0	0	0	0	0	2.242	0	0	0	
0	0	0	0	0	0	0.445	0	0	0	
0	0	0	0	0	0	1.573	0	0	0	
0	0	0	0	0	0	2.261	0	0	0	
0	0	0	0	0	0	0.464	0	0	0	
0	0	0	0	0	0	1.591	0	0	0	
0	0	0	0	0	0	2.278	0	0	0	
0	0	0	0	0	0	0.481	0	0	0	
0	0	0	0	0	0	1.609	0	0	0	
0	0	0	0	0	0	2.299	0	0	0	
0	0	0	0	0	0	0.502	0	0	0	
0	0	0	0	0	0	1.629	0	0	0	
0	0	0	0	0	0	2.316	0	0	0	
0	0	0	0	0	0	0.519	0	0	0	
0	0	0	0	0	0	1.646	0	0	0	
0	0	0	0	0	0	2.334	0	0	0	
0	0	0	0	0	0	0.537	0	0	0	
0	0	0	0	0	0	1.664	0	0	0	
0	0	0	0	0	0	2.352	0	0	0	
0	0	0	0	0	0	0.555	0	0	0	
0	0	0	0	0	0	1.682	0	0	0	
0	0	0	0	0	0	2.371	0	0	0	
0	0	0	0	0	0	0.574	0	0	0	
0	0	0	0	0	0	1.701	0	0	0	
0	0	0	0	0	0	2.39	0	0	0	
0	0	0	0	0	0	0.593	0	0	0	
0	0	0	0	0	0	1.72	0	0	0	
0	0	0	0	0	0	2.409	0	0	0	
0	0	0	0	0	0	0.612	0	0	0	
0	0	0	0	0	0	1.74	0	0	0	
0	0	0	0	0	0	2.426	0	0	0	
0	0	0	0	0	0	0.629	0	0	0	
0	0	0	0	0	0	1.756	0	0	0	
0	0	0	0	0	0	2.444	0	0	0	
0	0	0	0	0	0	0.648	0	0	0	
0	0	0	0	0	0	1.776	0	0	0	
0	0	0	0	0	0	2.463	0	0	0	
0	0	0	0	0	0	0.666	0	0	0	
0	0	0	0	0	0	1.793	0	0	0	
0	0	0	0	0	0	2.481	0	0	0	
0	0	0	0	0	0	0.684	0	0	0	
0	0	0	0	0	1	0	0	0	0	
0	0	0	0	0	0	2.5	0	0	0	
0	0	0	0	0	0	0.703	0	0	0	
0	0	0	0	0	1	0.02	0	0	0	
0	0	0	0	0	0	2.517	0	0	0	
0	0	0	0	0	0	0.72	0	0	0	
0	0	0	0	0	1	0.036	0	0	0	
0	0	0	0	0	1	0	0	0	0	
0	0	0	0	0	0	0.738	0	0	0	
0	0	0	0	0	1	0.054	0	0	0	
0	0	0	0	0	1	0.019	0	0	0	
0	0	0	0	0	0	0.757	0	0	0	
0	0	0	0	0	1	0.073	0	0	0	
0	0	0	0	0	1	0.039	1	0	0	
0	0	0	0	0	1	0	0	0	0	
0	0	0	0	0	1	0.094	0	0	0	
0	0	0	0	0	1	0.056	1	0	0	
0	0	0	0	0	1	0.017	0	0	0	
0	0	0	0	0	1	0.11	0	0	0	
0	0	0	0	0	1	0.076	1	0	0	
0	0	0	0	0	1	0.037	0	0	0	
0	0	0	0	0	1	0.13	0	0	0	
0	0	0	0	0	1	0.095	1	0	0	
0	0	0	0	0	1	0.056	0	0	0	
0	0	0	0	0	1	0.149	0	0	0	
0	0	0	0	0	1	0.113	1	0	0	
0	0	0	0	0	1	0.074	0	0	0	
0	0	0	0	0	1	0.167	0	0	0	
0	0	0	0	0	1	0.131	1	0	0	
0	0	0	0	0	1	0.092	0	0	0	
0	0	0	0	0	1	0.186	0	0	0	
0	0	0	0	0	1	0.148	1	0	0	
0	0	0	0	0	1	0.109	0	0	0	
0	0	0	0	0	1	0.202	0	1	0	
0	0	0	0	0	1	0.167	1	0	0	
0	0	0	0	0	1	0.129	0	0	0	
0	0	0	0	0	1	0.222	0	1	0	
0	0	0	0	0	1	0.185	1	0	0	
0	0	0	0	0	1	0.146	0	0	0	
0	0	0	0	0	1	0.239	0	1	0	
0	0	0	0	0	1	0.202	1	1	1	
0	0	0	0	0	1	0.164	0	0	0	
0	0	0	0	0	1	0	0	1	0	
0	0	0	0	0	1	0.22	1	1	1	
0	0	0	0	0	1	0.182	0	0	0	
0	0	0	0	0	1	0.018	0	1	0	
0	0	0	0	0	1	0.237	1	1	1	
0	0	0	0	0	1	0.199	0	0	0	
0	0	0	0	0	1	0.035	0	1	0	
0	0	0	0	0	1	0	1	1	1	
0	0	0	0	0	1	0.217	0	1	0	
0	0	0	0	0	1	0.053	0	1	0	
0	0	0	0	0	1	0.018	1	1	1	
0	0	0	0	0	1	0.234	0	1	0	
0	0	0	0	0	1	0.07	0	1	0	
0	0	0	0	0	1	0.037	1	1	1	
0	0	0	0	0	1	0.253	0	1	0	
0	0	0	0	0	1	0.089	0	1	0	
0	0	0	0	0	1	0.053	1	1	1	
0	0	0	0	0	1	0	0	1	0	
0	0	0	0	0	1	0.106	0	1	0	
0	0	0	0	0	1	0.071	1	1	1	
0	0	0	0	0	1	0.017	0	1	0	
0	0	0	0	0	1	0.123	0	1	0	
0	0	0	0	0	1	0.089	1	1	1	
0	0	0	0	0	1	0.036	0	1	0	
0	0	0	0	0	1	0.143	0	1	0	
0	0	0	0	0	1	0.11	1	1	1	
0	0	0	0	0	1	0.056	0	1	0	
0	0	0	0	0	1	0.162	0	1	0	
0	0	0	0	0	1	0.122	1	1	1	
0	0	0	0	0	1	0.068	0	1	0	
0	0	0	0	0	1	0.174	0	1	0	
0	0	0	0	0	1	0.14	0	1	0	
0	0	0	0	0	1	0.086	0	1	0	
0	0	0	0	0	1	0.194	0	1	0	
0	0	0	0	0	1	0.159	0	1	0	
0	0	0	0	0	1	0.105	1	1	1	
0	0	0	0	0	1	0.212	0	1	0	
0	0	0	0	0	1	0.174	0	1	0	
0	0	0	0	0	1	0.122	1	1	1	
0	0	0	0	0	1	0.228	0	1	0	
0	0	0	0	0	1	0.192	0	1	0	
0	0	0	0	0	1	0.138	0	1	0	
0	0	0	0	0	1	0	0	1	0	
0	0	0	0	0	1	0.211	0	1	0	
0	0	0	0	0	1	0.158	0	1	0	
0	0	0	0	0	1	0.019	0	1	0	
0	0	0	0	0	1	0.227	0	1	0	
0	0	0	0	0	1	0.173	0	1	0	
0	0	0	0	0	1	0.034	0	1	0	
0	0	0	0	0	1	0.245	0	1	0	
0	0	0	0	0	1	0.191	0	1	0	
0	0	0	0	0	1	0.052	0	1	0	
0	0	0	0	0	1	0	0	1	0	
0	0	0	0	0	1	0.21	0	1	0	
0	0	0	0	0	1	0.071	0	1	0	
0	0	0	0	0	1	0.021	0	1	0	
0	0	0	0	0	1	0.23	0	1	0	
0	0	0	0	0	1	0.091	0	1	0	
0	0	0	0	0	1	0.036	0	1	0	
0	0	0	0	0	1	0.245	0	1	0	
0	0	0	0	0	1	0.106	0	1	0	
0	0	0	0	0	1	0.054	0	1	0	
0	0	0	0	0	1	0	0	1	0	
0	0	0	0	0	1	0.124	0	1	0	
0	0	0	0	0	1	0.072	0	1	0	
0	0	0	0	0	1	0.018	0	1	0	
0	0	0	0	0	1	0.142	0	1	0	
0	0	0	0	0	1	0.089	0	1	0	
0	0	0	0	0	1	0.035	0	1	0	
0	0	0	0	0	1	0.159	0	1	0	
0	0	0	0	0	1	0.107	0	1	0	
0	0	0	0	0	1	0.053	0	1	0	
0	0	0	0	0	1	0.177	0	1	0	
0	0	0	0	0	1	0.124	0	1	0	
0	0	0	0	0	1	0.07	0	1	0	
0	0	0	0	0	1	0.195	0	1	0	
0	0	0	0	0	1	0.143	0	1	0	
0	0	0	0	0	1	0.089	0	1	0	
0	0	0	0	0	1	0.214	0	1	0	
0	0	0	0	0	1	0.16	0	1	0	
0	0	0	0	0	1	0.106	0	1	0	
0	0	0	0	0	1	0.23	0	1	0	
0	0	0	0	0	1	0.178	1	1	1	
0	0	0	0	0	1	0.125	0	1	0	
0	0	0	0	0	1	0	1	1	1	
0	0	0	0	0	1	0.196	1	1	1	
0	0	0	0	0	1	0.143	0	1	0	
0	0	0	0	0	1	0.018	1	1	1	
0	0	0	0	0	1	0.215	1	1	1	
0	0	0	0	0	1	0.161	0	1	0	
0	0	0	0	0	1	0.036	1	1	1	
0	0	0	0	0	1	0.235	1	1	1	
0	0	0	0	0	1	0.181	0	1	0	
0	0	0	0	0	1	0.056	1	1	1	
0	0	0	0	0	1	0	1	1	1	
0	0	0	0	0	1	0.198	0	1	0	
0	0	0	0	0	1	0.073	1	1	1	
0	0	0	0	0	1	0.017	1	1	1	
0	0	0	0	0	1	0.215	0	1	0	
0	0	0	0	0	1	0.09	1	1	1	
0	0	0	0	0	1	0.037	1	1	1	
0	0	0	0	0	1	0.235	0	1	0	
0	0	0	0	0	1	0.11	1	1	1	
0	0	0	0	0	1	0.053	1	1	1	
0	0	0	0	0	1	0	0	1	0	
0	0	0	0	0	1	0.128	0	1	0	
0	0	0	0	0	1	0.072	0	1	0	
0	0	0	0	0	1	0.018	0	1	0	
0	0	0	0	0	1	0.146	0	1	0	
0	0	0	0	0	1	0.089	0	1	0	
0	0	0	0	0	1	0.034	0	1	0	
0	0	0	0	0	1	0.163	0	1	0	
0	0	0	0	0	1	0.106	0	1	0	
0	0	0	0	0	1	0.051	0	1	0	
0	0	0	0	0	1	0.179	0	1	0	
0	0	0	0	0	1	0.125	0	1	0	
0	0	0	0	0	1	0.07	0	1	0	
0	0	0	0	0	1	0.199	0	1	0	
0	0	0	0	0	1	0.145	0	1	0	
0	0	0	0	0	1	0.09	0	1	0	
0	0	0	0	0	1	0.218	0	1	0	
0	0	0	0	0	1	0.162	0	1	0	
0	0	0	0	0	1	0.107	0	1	0	
0	0	0	0	0	1	0.236	0	1	0	
0	0	0	0	0	1	0.18	0	1	0	
0	0	0	0	0	1	0.125	0	1	0	
0	0	0	0	0	1	0.254	0	1	0	
0	0	0	0	0	1	0.199	0	1	0	
0	0	0	0	0	1	0.145	0	1	0	
0	0	0	0	0	1	0	1	1	1	
0	0	0	0	0	1	0.217	1	1	1	
0	0	0	0	0	1	0.162	0	1	0	
0	0	0	0	0	1	0.016	1	1	1	
0	0	0	0	0	1	0.235	1	1	1	
0	0	0	0	0	1	0.18	0	1	0	
0	0	0	0	0	1	0.034	1	1	1	
0	0	0	0	0	1	0	1	1	1	
0	0	0	0	0	1	0.198	0	1	0	
0	0	0	0	0	1	0.052	1	1	1	
0	0	0	0	0	1	0.018	1	1	1	
0	0	0	0	0	1	0.216	0	1	0	
0	0	0	0	0	1	0.07	1	1	1	
0	0	0	0	0	1	0.038	1	1	1	
0	0	0	0	0	1	0.237	0	1	0	
0	0	0	0	0	1	0.092	1	1	1	
0	0	0	0	0	1	0.056	1	1	1	
0	0	0	0	0	1	0.255	0	1	0	
0	0	0	0	0	1	0.109	1	1	1	
0	0	0	0	0	1	0.074	1	1	1	
0	0	0	0	0	0	0.272	0	0	0	
0	0	0	0	0	1	0.126	1	1	1	
0	0	0	0	0	1	0.091	1	1	1	
0	0	0	0	0	0	0.29	0	0	0	
0	0	0	0	0	1	0.144	1	1	1	
0	0	0	0	0	1	0.11	1	1	1	
0	0	0	0	0	0	0.308	0	0	0	
0	0	0	0	0	1	0.163	1	1	1	
0	0	0	0	0	1	0.127	1	1	1	
0	0	0	0	0	0	0.325	0	0	0	
0	0	0	0	0	1	0.18	1	1	1	
0	0	0	0	0	1	0.147	1	1	1	
0	0	0	0	0	0	0.345	0	0	0	
0	0	0	0	0	1	0.199	1	1	1	
0	0	0	0	0	1	0.165	1	1	1	
0	0	0	0	0	0	0.363	0	0	0	
0	0	0	0	0	1	0.218	1	1	1	
0	0	0	0	0	1	0.182	1	1	1	
0	0	0	0	0	0	0.38	0	0	0	
0	0	0	0	0	1	0.234	1	1	1	
0	0	0	0	0	1	0.199	1	1	1	
0	0	0	0	0	0	0.397	0	0	0	
0	0	0	0	0	1	0	1	1	1	
0	0	0	0	0	1	0.218	1	1	1	
0	0	0	0	0	0	0.417	0	0	0	
0	0	0	0	0	1	0.02	1	1	1	
0	0	0	0	0	1	0.235	1	1	1	
0	0	0	0	0	0	0.433	0	0	0	
0	0	0	0	0	1	0.036	1	1	1	
0	0	0	0	0	1	0	1	1	1	
0	0	0	0	0	0	0.451	0	0	0	
0	0	0	0	0	1	0.053	1	1	1	
0	0	0	0	0	1	0.019	1	1	1	
0	0	0	0	0	0	0.47	0	0	0	
0	0	0	0	0	1	0.072	1	1	1	
0	0	0	0	0	1	0.039	1	1	1	
0	0	0	0	0	0	0.49	0	0	0	
0	0	0	0	0	1	0.092	1	1	1	
0	0	0	0	0	1	0.055	1	1	1	
0	0	0	0	0	0	0.506	0	0	0	
0	0	0	0	0	1	0.108	1	1	1	
0	0	0	0	0	1	0.072	1	1	1	
0	0	0	0	0	0	0.523	0	0	0	
0	0	0	0	0	1	0.126	1	1	1	
0	0	0	0	0	1	0.09	1	1	1	
0	0	0	0	0	0	0.541	0	0	0	
0	0	0	0	0	1	0.143	1	1	1	
0	0	0	0	0	1	0.107	1	1	1	
0	0	0	0	0	0	0.559	0	0	0	
0	0	0	0	0	1	0.161	1	1	1	
0	0	0	0	0	1	0.126	1	1	1	
0	0	0	0	0	0	0.577	0	0	0	
0	0	0	0	0	1	0.18	1	1	1	
0	0	0	0	0	1	0.146	1	1	1	
0	0	0	0	0	0	0.597	0	0	0	
0	0	0	0	0	1	0.199	1	1	1	
0	0	0	0	0	1	0.165	1	1	1	
0	0	0	0	0	0	0.616	0	0	0	
0	0	0	0	0	1	0.219	1	1	1	
0	0	0	0	0	1	0.182	1	1	1	
0	0	0	0	0	0	0.633	0	0	0	
0	0	0	0	0	1	0.235	1	1	1	
0	0	0	0	0	1	0.201	1	1	1	
0	0	0	0	0	0	0.652	0	0	0	
0	0	0	0	0	1	0	1	1	1	
0	0	0	0	0	1	0.218	1	1	1	
0	0	0	0	0	0	0.67	0	0	0	
0	0	0	0	0	1	0.018	1	1	1	
0	0	0	0	0	1	0.236	1	1	1	
0	0	0	0	0	0	0.687	0	0	0	
0	0	0	0	0	1	0.036	1	1	1	
0	0	0	0	0	1	0.253	1	1	1	
0	0	0	0	0	0	0.705	0	0	0	
0	0	0	0	0	1	0.053	1	1	1	
0	0	0	0	0	1	0	1	1	1	
0	0	0	0	0	0	0.722	0	0	0	
0	0	0	0	0	1	0.07	1	1	1	
0	0	0	0	0	1	0.02	1	1	1	
0	0	0	0	0	0	0.742	0	0	0	
0	0	0	0	0	1	0.091	1	1	1	
0	0	0	0	0	1	0.034	1	1	1	
0	0	0	0	0	0	0.757	0	0	0	
0	0	0	0	0	1	0.105	0	1	0	
0	0	0	0	0	1	0.052	0	1	0	
0	0	0	0	0	0	0.774	0	0	0	
0	0	0	0	0	1	0.122	0	1	0	
0	0	0	0	0	1	0.071	0	1	0	
0	0	0	0	0	0	0.793	0	0	0	
0	0	0	0	0	1	0.141	0	1	0	
0	0	0	0	0	1	0.089	0	1	0	
0	0	0	0	0	0	0.811	0	0	0	
0	0	0	0	0	1	0.159	0	1	0	
0	0	0	0	0	1	0.108	0	1	0	
0	0	0	0	0	0	0.83	0	0	0	
0	0	0	0	0	1	0.178	0	1	0	
0	0	0	0	0	1	0.125	0	1	0	
0	0	0	0	0	0	0.847	0	0	0	
0	0	0	0	0	1	0.195	0	1	0	
0	0	0	0	0	1	0.143	0	1	0	
0	0	0	0	0	0	0.865	0	0	0	
0	0	0	0	0	1	0.213	0	1	0	
0	0	0	0	0	1	0.162	0	1	0	
0	0	0	0	0	0	0.884	0	0	0	
0	0	0	0	0	1	0.233	0	1	0	
0	0	0	0	0	1	0.179	0	1	0	
0	0	0	0	0	0	0.901	0	0	0	
0	0	0	0	0	1	0.249	0	1	0	
0	0	0	0	0	1	0.196	0	1	0	
0	0	0	0	0	0	0.919	0	0	0	
0	0	0	0	0	1	0	0	1	0	
0	0	0	0	0	1	0.213	1	1	1	
0	0	0	0	0	0	0.935	0	0	0	
0	0	0	0	0	1	0.016	1	1	1	
0	0	0	0	0	1	0.233	1	1	1	
0	0	0	0	0	0	0.955	0	0	0	
0	0	0	0	0	1	0.036	1	1	1	
0	0	0	0	0	1	0	1	1	1	
0	0	0	0	0	0	0.972	1	0	0	
0	0	0	0	0	1	0.053	1	1	1	
0	0	0	0	0	1	0.02	1	1	1	
0	0	0	0	0	0	0.991	1	0	0	
0	0	0	0	0	1	0.073	1	1	1	
0	0	0	0	0	1	0.038	1	1	1	
0	0	0	0	0	0	1.009	0	0	0	
0	0	0	0	0	1	0.09	1	1	1	
0	0	0	0	0	1	0.056	1	1	1	
0	0	0	0	0	0	1.027	0	0	0	
0	0	0	0	0	1	0.108	1	1	1	
0	0	0	0	0	1	0.073	1	1	1	
0	0	0	0	0	0	1.044	0	0	0	
0	0	0	0	0	1	0.125	1	1	1	
0	0	0	0	0	1	0.09	1	1	1	
0	0	0	0	0	0	1.061	0	0	0	
0	0	0	0	0	1	0.142	0	1	0	
0	0	0	0	0	1	0.108	0	1	0	
0	0	0	0	0	0	1.079	0	0	0	
0	0	0	0	0	1	0.16	0	1	0	
0	0	0	0	0	1	0.127	0	1	0	
0	0	0	0	0	0	1.098	0	0	0	
0	0	0	0	0	1	0.179	0	1	0	
0	0	0	0	0	1	0.145	0	1	0	
0	0	0	0	0	0	1.116	0	0	0	
0	0	0	0	0	1	0.197	0	1	0	
0	0	0	0	0	1	0.164	0	1	0	
0	0	0	0	0	0	1.135	0	0	0	
0	0	0	0	0	1	0.218	0	1	0	
0	0	0	0	0	1	0.182	0	1	0	
0	0	0	0	0	0	1.153	0	0	0	
0	0	0	0	0	1	0.234	0	1	0	
0	0	0	0	0	1	0.201	0	1	0	
0	0	0	0	0	0	1.172	0	0	0	
0	0	0	0	0	1	0	0	1	0	
0	0	0	0	0	1	0.219	0	1	0	
0	0	0	0	0	0	1.191	0	0	0	
0	0	0	0	0	1	0.019	0	1	0	
0	0	0	0	0	1	0.237	0	1	0	
0	0	0	0	0	0	1.208	0	0	0	
0	0	0	0	0	1	0.036	0	1	0	
0	0	0	0	0	1	0	0	1	0	
0	0	0	0	0	0	1.227	0	0	0	
0	0	0	0	0	1	0.055	0	1	0	
0	0	0	0	0	1	0.021	0	1	0	
0	0	0	0	0	0	1.247	0	0	0	
0	0	0	0	0	1	0.075	0	1	0	
0	0	0	0	0	1	0.037	0	1	0	
0	0	0	0	0	0	1.263	0	0	0	
0	0	0	0	0	1	0.091	0	1	0	
0	0	0	0	0	1	0.054	1	1	1	
0	0	0	0	0	0	1.28	0	0	0	
0	0	0	0	0	1	0.108	1	1	1	
0	0	0	0	0	1	0.072	1	1	1	
0	0	0	0	0	0	1.298	0	0	0	
0	0	0	0	0	1	0.127	1	1	1	
0	0	0	0	0	1	0.09	1	1	1	
0	0	0	0	0	0	1.316	0	0	0	
0	0	0	0	0	1	0.144	1	1	1	
0	0	0	0	0	1	0.109	1	1	1	
0	0	0	0	0	0	1.335	0	0	0	
0	0	0	0	0	1	0.163	1	1	1	
0	0	0	0	0	1	0.126	1	1	1	
0	0	0	0	0	0	1.352	0	0	0	
0	0	0	0	0	1	0.18	1	1	1	
0	0	0	0	0	1	0.145	1	1	1	
0	0	0	0	0	0	1.371	0	0	0	
0	0	0	0	0	1	0.2	1	1	1	
0	0	0	0	0	1	0.163	1	1	1	
0	0	0	0	0	0	1.389	0	0	0	
0	0	0	0	0	1	0.218	1	1	1	
0	0	0	0	0	1	0.183	1	1	1	
0	0	0	0	0	0	1.409	0	0	0	
0	0	0	0	0	1	0.239	1	1	1	
0	0	0	0	0	1	0.201	1	1	1	
0	0	0	0	0	0	1.427	0	0	0	
0	0	0	0	0	1	0	1	1	1	
0	0	0	0	0	1	0.22	1	1	1	
0	0	0	0	0	0	1.447	0	0	0	
0	0	0	0	0	1	0.02	1	1	1	
0	0	0	0	0	1	0.238	1	1	1	
0	0	0	0	0	0	1.464	0	0	0	
0	0	0	0	0	1	0.037	1	1	1	
0	0	0	0	0	1	0	1	1	1	
0	0	0	0	0	0	1.482	0	0	0	
0	0	0	0	0	1	0.056	1	1	1	
0	0	0	0	0	1	0.019	1	1	1	
0	0	0	0	0	0	1.501	0	0	0	
0	0	0	0	0	1	0.074	1	1	1	
0	0	0	0	0	1	0.038	1	1	1	
0	0	0	0	0	0	1.52	0	0	0	
0	0	0	0	0	1	0.093	1	1	1	
0	0	0	0	0	1	0.055	1	1	1	
0	0	0	0	0	0	1.538	0	0	0	
0	0	0	0	0	1	0.111	1	1	1	
0	0	0	0	0	1	0.074	1	1	1	
0	0	0	0	0	0	1.556	0	0	0	
0	0	0	0	0	1	0.13	1	1	1	
0	0	0	0	0	1	0.093	1	1	1	
0	0	0	0	0	0	1.575	0	0	0	
0	0	0	0	0	1	0.149	1	1	1	
0	0	0	0	0	1	0.112	1	1	1	
0	0	0	0	0	0	1.594	0	0	0	
0	0	0	0	0	1	0.167	1	1	1	
0	0	0	0	0	1	0.131	1	1	1	
0	0	0	0	0	0	1.613	0	0	0	
0	0	0	0	0	1	0.186	1	1	1	
0	0	0	0	0	1	0.149	1	1	1	
0	0	0	0	0	0	1.631	0	0	0	
0	0	0	0	0	1	0.204	1	1	1	
0	0	0	0	0	1	0.166	1	1	1	
0	0	0	0	0	0	1.648	0	0	0	
0	0	0	0	0	1	0.222	0	1	0	
0	0	0	0	0	1	0.185	0	1	0	
0	0	0	0	0	0	1.667	0	0	0	
0	0	0	0	0	1	0	0	1	0	
0	0	0	0	0	1	0.202	0	1	0	
0	0	0	0	0	0	1.684	0	0	0	
0	0	0	0	0	1	0.016	0	1	0	
0	0	0	0	0	1	0.22	0	1	0	
0	0	0	0	0	0	1.702	0	0	0	
0	0	0	0	0	1	0.033	0	1	0	
0	0	0	0	0	1	0.238	0	1	0	
0	0	0	0	0	0	1.721	0	0	0	
0	0	0	0	0	1	0.052	0	1	0	
0	0	0	0	0	1	0	0	1	0	
0	0	0	0	0	0	1.737	0	0	0	
0	0	0	0	0	1	0.068	0	1	0	
0	0	0	0	0	1	0.018	0	1	0	
0	0	0	0	0	0	1.755	0	0	0	
0	0	0	0	0	1	0.086	0	1	0	
0	0	0	0	0	1	0.038	0	1	0	
0	0	0	0	0	0	1.775	0	0	0	
0	0	0	0	0	1	0.107	0	1	0	
0	0	0	0	0	1	0.054	0	1	0	
0	0	0	0	0	0	1.791	0	0	0	
0	0	0	0	0	1	0.122	0	1	0	
0	0	0	0	0	1	0.072	0	1	0	
0	0	0	0	0	0	1.809	0	0	0	
0	0	0	0	0	1	0.14	0	1	0	
0	0	0	0	0	1	0.091	0	1	0	
0	0	0	0	0	0	1.828	0	0	0	
0	0	0	0	0	1	0.159	0	1	0	
0	0	0	0	0	1	0.11	0	1	0	
0	0	0	0	0	0	1.847	0	0	0	
0	0	0	0	0	1	0.178	0	1	0	
0	0	0	0	0	1	0.128	0	1	0	
0	0	0	0	0	0	1.865	0	0	0	
0	0	0	0	0	1	0.196	0	1	0	
0	0	0	0	0	1	0.146	0	1	0	
0	0	0	0	0	0	1.883	0	0	0	
0	0	0	0	0	1	0.214	0	1	0	
0	0	0	0	0	1	0.164	0	1	0	
0	0	0	0	0	0	1.901	0	0	0	
0	0	0	0	0	1	0.232	0	1	0	
0	0	0	0	0	1	0.182	0	1	0	
0	0	0	0	0	0	1.919	0	0	0	
0	0	0	0	0	1	0.251	0	1	0	
0	0	0	0	0	1	0.201	0	1	0	
0	0	0	0	0	0	1.938	0	0	0	
0	0	0	0	0	1	0	0	1	0	
0	0	0	0	0	1	0.219	0	1	0	
0	0	0	0	0	0	1.956	0	0	0	
0	0	0	0	0	1	0.016	0	1	0	
0	0	0	0	0	1	0.238	0	1	0	
0	0	0	0	0	0	1.975	0	0	0	
0	0	0	0	0	1	0.036	0	1	0	
0	0	0	0	0	1	0	0	1	0	
0	0	0	0	0	0	1.995	0	0	0	
0	0	0	0	0	1	0.055	0	1	0	
0	0	0	0	0	1	0.018	1	1	1	
0	0	0	0	0	0	2.011	0	0	0	
0	0	0	0	0	1	0.071	0	1	0	
0	0	0	0	0	1	0.038	0	1	0	
0	0	0	0	0	0	2.031	0	0	0	
0	0	0	0	0	1	0.091	0	1	0	
0	0	0	0	0	1	0.055	0	1	0	
0	0	0	0	0	0	2.048	0	0	0	
0	0	0	0	0	1	0.109	0	1	0	
0	0	0	0	0	1	0.072	0	1	0	
0	0	0	0	0	0	2.065	0	0	0	
0	0	0	0	0	1	0.126	0	1	0	
0	0	0	0	0	1	0.089	0	1	0	
0	0	0	0	0	0	2.082	0	0	0	
0	0	0	0	0	1	0.142	0	1	0	
0	0	0	0	0	1	0.108	0	1	0	
0	0	0	0	0	0	2.101	0	0	0	
0	0	0	0	0	1	0.161	0	1	0	
0	0	0	0	0	1	0.126	0	1	0	
0	0	0	0	0	0	2.119	0	0	0	
0	0	0	0	0	1	0.179	0	1	0	
0	0	0	0	0	1	0.145	0	1	0	
0	0	0	0	0	0	2.138	0	0	0	
0	0	0	0	0	1	0.198	0	1	0	
0	0	0	0	0	1	0.163	0	1	0	
0	0	0	0	0	0	2.156	0	0	0	
0	0	0	0	0	1	0.216	0	1	0	
0	0	0	0	0	1	0.181	0	1	0	
0	0	0	0	0	0	2.174	0	0	0	
0	0	0	0	0	1	0.234	0	1	0	
0	0	0	0	0	1	0.199	0	1	0	
0	0	0	0	0	0	2.192	0	0	0	
0	0	0	0	0	1	0	0	1	0	
0	0	0	0	0	1	0.217	0	1	0	
0	0	0	0	0	0	2.21	0	0	0	
0	0	0	0	0	1	0.017	0	1	0	
0	0	0	0	0	1	0.234	0	1	0	
0	0	0	0	0	0	2.227	0	0	0	
0	0	0	0	0	1	0.034	0	1	0	
0	0	0	0	0	1	0	0	1	0	
0	0	0	0	0	0	2.245	0	0	0	
0	0	0	0	0	1	0.052	0	1	0	
0	0	0	0	0	1	0.017	0	1	0	
0	0	0	0	0	0	2.261	0	0	0	
0	0	0	0	0	1	0.068	0	1	0	
0	0	0	0	0	1	0.036	0	1	0	
0	0	0	0	0	0	2.281	0	0	0	
0	0	0	0	0	1	0.088	0	1	0	
0	0	0	0	0	1	0.053	0	1	0	
0	0	0	0	0	0	2.297	0	0	0	
0	0	0	0	0	1	0.104	0	1	0	
0	0	0	0	0	1	0.072	0	1	0	
0	0	0	0	0	0	2.316	0	0	0	
0	0	0	0	0	1	0.123	0	1	0	
0	0	0	0	0	1	0.089	0	1	0	
0	0	0	0	0	0	2.333	0	0	0	
0	0	0	0	0	1	0.14	0	1	0	
0	0	0	0	0	1	0.106	0	1	0	
0	0	0	0	0	0	2.35	0	0	0	
0	0	0	0	0	1	0.157	0	1	0	
0	0	0	0	0	1	0.126	0	1	0	
0	0	0	0	0	0	2.37	0	0	0	
0	0	0	0	0	1	0.177	0	1	0	
0	0	0	0	0	1	0.144	0	1	0	
0	0	0	0	0	0	2.388	0	0	0	
0	0	0	0	0	1	0.195	0	1	0	
0	0	0	0	0	1	0.162	0	1	0	
0	0	0	0	0	0	2.406	0	0	0	
0	0	0	0	0	1	0.213	0	1	0	
0	0	0	0	0	1	0.179	0	1	0	
0	0	0	0	0	0	2.423	0	0	0	
0	0	0	0	0	1	0.23	0	1	0	
0	0	0	0	0	1	0.197	0	1	0	
0	0	0	0	0	0	2.441	0	0	0	
0	0	0	0	0	1	0.248	0	1	0	
0	0	0	0	0	1	0.216	0	1	0	
0	0	0	0	0	0	2.46	0	0	0	
0	0	0	0	0	1	0	0	1	0	
0	0	0	0	0	1	0.233	0	1	0	
0	0	0	0	0	0	2.477	0	0	0	
0	0	0	0	0	1	0.016	0	1	0	
0	0	0	0	0	1	0	0	1	0	
0	0	0	0	0	0	2.496	0	0	0	
0	0	0	0	0	1	0.035	0	1	0	
0	0	0	0	0	1	0.018	0	1	0	
0	0	0	0	0	0	2.513	0	0	0	
0	0	0	0	0	1	0.052	0	1	0	
0	0	0	0	0	1	0.036	0	1	0	
0	0	0	0	0	0	2.531	0	0	0	
0	0	0	0	0	1	0.07	0	1	0	
0	0	0	0	0	1	0.055	0	1	0	
0	0	0	0	0	0	2.551	0	0	0	
0	0	0	0	0	1	0.09	0	1	0	
0	0	0	0	0	1	0.072	0	1	0	
0	0	0	0	0	0	2.567	0	0	0	
0	0	0	0	0	1	0.106	0	1	0	
0	0	0	0	0	1	0.089	0	1	0	
0	0	0	0	0	0	2.584	0	0	0	
0	0	0	0	0	1	0.123	0	1	0	
0	0	0	0	0	1	0.107	0	1	0	
0	0	0	0	0	0	2.602	0	0	0	
0	0	0	0	0	1	0.141	0	1	0	
0	0	0	0	0	1	0.124	0	1	0	
0	0	0	0	0	0	2.619	0	0	0	
0	0	0	0	0	1	0.159	0	1	0	
0	0	0	0	0	1	0.144	0	1	0	
0	0	0	0	0	0	2.639	0	0	0	
0	0	0	0	0	1	0.178	0	1	0	
0	0	0	0	0	1	0.161	0	1	0	
0	0	0	0	0	0	2.656	0	0	0	
0	0	0	0	0	1	0.196	1	1	1	
0	0	0	0	0	1	0.18	0	1	0	
0	0	0	0	0	0	2.675	0	0	0	
0	0	0	0	0	1	0.214	0	1	0	
0	0	0	0	0	1	0.197	0	1	0	
0	0	0	0	0	0	2.692	0	0	0	
0	0	0	0	0	1	0.231	0	1	0	
0	0	0	0	0	1	0.215	0	1	0	
0	0	0	0	0	0	2.71	0	0	0	
0	0	0	0	0	1	0.001	0	1	0	
0	0	0	0	0	1	0.233	0	1	0	
0	0	0	0	0	0	2.728	0	0	0	
0	0	0	0	0	1	0.019	0	1	0	
0	0	0	0	0	1	0.25	0	1	0	
0	0	0	0	0	0	2.746	0	0	0	
0	0	0	0	0	1	0.036	0	1	0	
0	0	0	0	0	1	0	0	1	0	
0	0	0	0	0	0	2.762	0	0	0	
0	0	0	0	0	1	0.052	0	1	0	
0	0	0	0	0	1	0.018	0	1	0	
0	0	0	0	0	0	2.78	0	0	0	
0	0	0	0	0	1	0.07	0	1	0	
0	0	0	0	0	1	0.035	0	1	0	
0	0	0	0	0	0	2.797	0	0	0	
0	0	0	0	0	1	0.087	0	1	0	
0	0	0	0	0	1	0.055	0	1	0	
0	0	0	0	0	0	2.818	0	0	0	
0	0	0	0	0	1	0.108	0	1	0	
0	0	0	0	0	1	0.072	0	1	0	
0	0	0	0	0	0	2.834	0	0	0	
0	0	0	0	0	1	0.124	0	1	0	
0	0	0	0	0	1	0.09	0	1	0	
0	0	0	0	0	0	2.852	0	0	0	
0	0	0	0	0	1	0.142	0	1	0	
0	0	0	0	0	1	0.108	0	1	0	
0	0	0	0	0	0	2.87	0	0	0	
0	0	0	0	0	1	0.16	0	1	0	
0	0	0	0	0	1	0.125	0	1	0	
0	0	0	0	0	0	2.887	0	0	0	
0	0	0	0	0	1	0.177	0	1	0	
0	0	0	0	0	1	0.143	0	1	0	
0	0	0	0	0	0	2.905	0	0	0	
0	0	0	0	0	1	0.195	0	1	0	
0	0	0	0	0	1	0.161	0	1	0	
0	0	0	0	0	0	2.923	0	0	0	
0	0	0	0	0	1	0.213	0	1	0	
0	0	0	0	0	1	0.178	0	1	0	
0	0	0	0	0	0	2.94	0	0	0	
0	0	0	0	0	1	0.23	0	1	0	
0	0	0	0	0	1	0.196	0	1	0	
0	0	0	0	0	0	2.958	0	0	0	
0	0	0	0	0	1	0.249	0	1	0	
0	0	0	0	0	1	0.213	0	1	0	
0	0	0	0	0	0	2.975	0	0	0	
0	0	0	0	0	1	0	0	1	0	
0	0	0	0	0	1	0.232	0	1	0	
0	0	0	0	0	0	2.994	0	0	0	
0	0	0	0	0	1	0.021	0	1	0	
0	0	0	0	0	1	0.249	0	1	0	
0	0	0	0	0	0	3.012	0	0	0	
0	0	0	0	0	1	0.037	0	1	0	
0	0	0	0	0	1	0	0	1	0	
0	0	0	0	0	0	3.028	0	0	0	
0	0	0	0	0	1	0.053	1	1	1	
0	0	0	0	0	1	0.019	1	1	1	
0	0	0	0	0	0	3.047	0	0	0	
0	0	0	0	0	1	0.073	1	1	1	
0	0	0	0	0	1	0.037	1	1	1	
0	0	0	0	0	0	3.065	0	0	0	
0	0	0	0	0	1	0.09	1	1	1	
0	0	0	0	0	1	0.056	1	1	1	
0	0	0	0	0	0	3.084	0	0	0	
0	0	0	0	0	1	0.109	1	1	1	
0	0	0	0	0	1	0.074	1	1	1	
0	0	0	0	0	0	3.102	0	0	0	
0	0	0	0	0	1	0.128	1	1	1	
0	0	0	0	0	1	0.093	1	1	1	
0	0	0	0	0	0	3.121	0	0	0	
0	0	0	0	0	1	0.146	1	1	1	
0	0	0	0	0	1	0.11	1	1	1	
0	0	0	0	0	0	3.138	0	0	0	
0	0	0	0	0	1	0.163	1	1	1	
0	0	0	0	0	1	0.128	1	1	1	
0	0	0	0	0	0	3.156	0	0	0	
0	0	0	0	0	1	0.181	1	1	1	
0	0	0	0	0	1	0.146	1	1	1	
0	0	0	0	0	0	3.174	0	0	0	
0	0	0	0	0	1	0.199	1	1	1	
0	0	0	0	0	1	0.165	1	1	1	
0	0	0	0	0	0	3.193	0	0	0	
0	0	0	0	0	1	0.218	1	1	1	
0	0	0	0	0	1	0.184	1	1	1	
0	0	0	0	0	0	3.212	0	0	0	
0	0	0	0	0	1	0.237	1	1	1	
0	0	0	0	0	1	0.201	1	1	1	
0	0	0	0	0	0	3.23	0	0	0	
0	0	0	0	0	1	0.255	1	1	1	
0	0	0	0	0	1	0.219	1	1	1	
0	0	0	0	0	0	3.247	0	0	0	
0	0	0	0	0	1	0	1	1	1	
0	0	0	0	0	1	0.236	1	1	1	
0	0	0	0	0	0	3.265	0	0	0	
0	0	0	0	0	1	0.018	1	1	1	
0	0	0	0	0	1	0	1	1	1	
0	0	0	0	0	0	3.282	0	0	0	
0	0	0	0	0	1	0.035	1	1	1	
0	0	0	0	0	1	0.018	1	1	1	
0	0	0	0	0	0	3.3	0	0	0	
0	0	0	0	0	1	0.052	1	1	1	
0	0	0	0	0	1	0.036	1	1	1	
0	0	0	0	0	0	3.318	0	0	0	
0	0	0	0	0	1	0.07	1	1	1	
0	0	0	0	0	1	0.054	1	1	1	
0	0	0	0	0	0	3.336	0	0	0	
0	0	0	0	0	1	0.088	1	1	1	
0	0	0	0	0	1	0.071	1	1	1	
0	0	0	0	0	0	3.354	0	0	0	
0	0	0	0	0	1	0.106	1	1	1	
0	0	0	0	0	1	0.089	1	1	1	
0	0	0	0	0	0	3.371	0	0	0	
0	0	0	0	0	1	0.123	1	1	1	
0	0	0	0	0	1	0.108	1	1	1	
0	0	0	0	0	0	3.39	0	0	0	
0	0	0	0	0	1	0.142	1	1	1	
0	0	0	0	0	1	0.125	1	1	1	
0	0	0	0	0	0	3.408	0	0	0	
0	0	0	0	0	1	0.16	1	1	1	
0	0	0	0	0	1	0.142	1	1	1	
0	0	0	0	0	0	3.425	0	0	0	
0	0	0	0	0	1	0.177	1	1	1	
0	0	0	0	0	1	0.161	1	1	1	
0	0	0	0	0	0	3.443	0	0	0	
0	0	0	0	0	1	0.196	1	1	1	
0	0	0	0	0	1	0.178	1	1	1	
0	0	0	0	0	0	3.46	0	0	0	
0	0	0	0	0	1	0.213	1	1	1	
0	0	0	0	0	1	0.196	0	1	0	
0	0	0	0	0	0	3.478	0	0	0	
0	0	0	0	0	1	0.23	0	1	0	
0	0	0	0	0	1	0.214	0	1	0	
0	0	0	0	0	0	3.496	0	0	0	
0	0	0	0	0	1	0	0	1	0	
0	0	0	0	0	1	0.233	0	1	0	
0	0	0	0	0	0	3.516	0	0	0	
0	0	0	0	0	1	0.021	0	1	0	
0	0	0	0	0	1	0.25	0	1	0	
0	0	0	0	0	0	3.532	0	0	0	
0	0	0	0	0	1	0.035	0	1	0	
0	0	0	0	0	1	0	0	1	0	
0	0	0	0	0	0	3.549	0	0	0	
0	0	0	0	0	1	0.052	0	1	0	
0	0	0	0	0	1	0.02	0	1	0	
0	0	0	0	0	0	3.569	0	0	0	
0	0	0	0	0	1	0.072	0	1	0	
0	0	0	0	0	1	0.039	0	1	0	
0	0	0	0	0	0	3.588	0	0	0	
0	0	0	0	0	1	0.091	0	1	0	
0	0	0	0	0	1	0.056	0	1	0	
0	0	0	0	0	0	3.605	0	0	0	
0	0	0	0	0	1	0.109	0	1	0	
0	0	0	0	0	1	0.074	0	1	0	
0	0	0	0	0	0	3.623	0	0	0	
0	0	0	0	0	1	0.126	0	1	0	
0	0	0	0	0	1	0.094	0	1	0	
0	0	0	0	0	0	3.643	0	0	0	
0	0	0	0	0	1	0.146	0	1	0	
0	0	0	0	0	1	0.112	0	1	0	
0	0	0	0	0	0	3.661	0	0	0	
0	0	0	0	0	1	0.164	0	1	0	
0	0	0	0	0	1	0.129	0	1	0	
0	0	0	0	0	0	3.678	0	0	0	
0	0	0	0	0	1	0.181	0	1	0	
0	0	0	0	0	1	0.148	0	1	0	
0	0	0	0	0	0	3.697	0	0	0	
0	0	0	0	0	1	0.2	0	1	0	
0	0	0	0	0	1	0.167	0	1	0	
0	0	0	0	0	0	3.716	0	0	0	
0	0	0	0	0	1	0.219	0	1	0	
0	0	0	0	0	1	0.185	0	1	0	
0	0	0	0	0	0	3.734	0	0	0	
0	0	0	0	0	1	0.237	0	1	0	
0	0	0	0	0	1	0.203	0	1	0	
0	0	0	0	0	0	3.752	0	0	0	
0	0	0	0	0	1	0	0	1	0	
0	0	0	0	0	1	0.223	0	1	0	
0	0	0	0	0	0	3.773	0	0	0	
0	0	0	0	0	1	0.024	0	1	0	
0	0	0	0	0	1	0.242	0	1	0	
0	0	0	0	0	0	3.791	0	0	0	
0	0	0	0	0	1	0.039	1	1	1	
0	0	0	0	0	1	0	1	1	1	
0	0	0	0	0	0	3.807	0	0	0	
0	0	0	0	0	1	0.054	0	1	0	
0	0	0	0	0	1	0.016	0	1	0	
0	0	0	0	0	0	3.823	0	0	0	
0	0	0	0	0	1	0.07	0	1	0	
0	0	0	0	0	1	0.036	0	1	0	
0	0	0	0	0	0	3.843	0	0	0	
0	0	0	0	0	1	0.09	0	1	0	
0	0	0	0	0	0	3.859	0	0	0	
0	0	0	0	0	0	1.79769e+308	0	0	0	
0	0	0	0	0	0	3.876	0	0	0	
0	0	0	0	0	0	1.79769e+308	0	0	0	
0	0	0	0	0	0	1.79769e+308	0	0	0	
0	0	0	0	0	0	3.895	0	0	0	
0	0	0	0	0	0	1.79769e+308	0	0	0	
0	0	0	0	0	0	1.79769e+308	0	0	0	
0	0	0	0	0	0	3.916	0	0	0	
0	0	0	0	0	0	1.79769e+308	0	0	0	
0	0	0	0	0	0	1.79769e+308	0	0	0	
0	0	0	0	0	0	3.937	0	0	0	
0	0	0	0	0	0	1.79769e+308	0	0	0	
0	0	0	0	0	0	1.79769e+308	0	0	0	
0	0	0	0	0	0	3.952	0	0	0	
0	0	0	0	0	0	1.79769e+308	0	0	0	
0	0	0	0	0	0	1.79769e+308	0	0	0	
0	0	0	0	0	0	3.969	0	0	0	
0	0	0	0	0	0	1.79769e+308	0	0	0	
0	0	0	0	0	0	1.79769e+308	0	0	0	
0	0	0	0	0	0	3.987	0	0	0	
0	0	0	0	0	1	0.234	0	1	0	
0	0	0	0	0	0	1.79769e+308	0	0	0	
0	0	0	0	0	0	4.006	0	0	0	
0	0	0	0	0	1	0.254	0	1	0	
0	0	0	0	0	0	1.79769e+308	0	0	0	
0	0	0	0	0	0	4.026	0	0	0	
0	0	0	0	0	1	0	0	1	0	
0	0	0	0	0	0	1.79769e+308	0	0	0	
0	0	0	0	0	0	4.044	0	0	0	
0	0	0	0	0	1	0.019	0	1	0	
0	0	0	0	0	0	1.79769e+308	0	0	0	
0	0	0	0	0	0	4.063	0	0	0	
0	0	0	0	0	1	0.037	0	1	0	
0	0	0	0	0	0	1.79769e+308	0	0	0	
0	0	0	0	0	0	4.079	0	0	0	
0	0	0	0	0	1	0.053	0	1	0	
0	0	0	0	0	0	1.79769e+308	0	0	0	
0	0	0	0	0	0	4.099	0	0	0	
0	0	0	0	0	1	0.074	0	1	0	
0	0	0	0	0	0	1.79769e+308	0	0	0	
0	0	0	0	0	0	4.114	0	0	0	
0	0	0	0	0	1	0.088	0	1	0	
0	0	0	0	0	0	1.79769e+308	0	0	0	
0	0	0	0	0	0	4.131	0	0	0	
0	0	0	0	0	1	0.105	1	1	1	
0	0	0	0	0	0	1.79769e+308	0	0	0	
0	0	0	0	0	0	4.15	0	0	0	
0	0	0	0	0	1	0.124	1	1	1	
0	0	0	0	0	0	1.79769e+308	0	0	0	
0	0	0	0	0	0	4.169	0	0	0	
0	0	0	0	0	1	0.143	1	1	1	
0	0	0	0	0	0	1.79769e+308	0	0	0	
0	0	0	0	0	0	4.187	0	0	0	
0	0	0	0	0	1	0.161	1	1	1	
0	0	0	0	0	0	1.79769e+308	0	0	0	
0	0	0	0	0	0	4.206	0	0	0	
0	0	0	0	0	1	0.18	1	1	1	
0	0	0	0	0	0	1.79769e+308	0	0	0	
0	0	0	0	0	0	4.225	0	0	0	
0	0	0	0	0	1	0.199	0	1	0	
0	0	0	0	0	0	1.79769e+308	0	0	0	
0	0	0	0	0	0	4.244	0	0	0	
0	0	0	0	0	1	0.218	0	1	0	
0	0	0	0	0	0	1.79769e+308	0	0	0	
0	0	0	0	0	0	4.261	0	0	0	
0	0	0	0	0	1	0.235	0	1	0	
0	0	0	0	0	0	1.79769e+308	0	0	0	
0	0	0	0	0	0	4.279	0	0	0	
0	0	0	0	0	1	0.253	0	1	0	
0	0	0	0	0	0	1.79769e+308	0	0	0	
0	0	0	0	0	0	4.295	0	0	0	
0	0	0	0	0	1	0	0	1	0	
0	0	0	0	0	1	0.251	0	1	0	
0	0	0	0	0	0	4.313	0	0	0	
0	0	0	0	0	1	0.019	0	1	0	
0	0	0	0	0	1	0	0	1	0	
0	0	0	0	0	0	4.33	0	0	0	
0	0	0	0	0	1	0.036	0	1	0	
0	0	0	0	0	1	0.018	0	1	0	
0	0	0	0	0	0	4.348	0	0	0	
0	0	0	0	0	1	0.053	0	1	0	
0	0	0	0	0	1	0.04	0	1	0	
0	0	0	0	0	0	4.37	0	0	0	
0	0	0	0	0	1	0.075	0	1	0	
0	0	0	0	0	1	0.056	0	1	0	
0	0	0	0	0	0	4.386	0	0	0	
0	0	0	0	0	1	0.091	0	1	0	
0	0	0	0	0	1	0.074	0	1	0	
0	0	0	0	0	0	4.404	0	0	0	
0	0	0	0	0	1	0.109	0	1	0	
0	0	0	0	0	1	0.09	0	1	0	
0	0	0	0	0	0	4.42	0	0	0	
0	0	0	0	0	1	0.126	0	1	0	
0	0	0	0	0	1	0.109	0	1	0	
0	0	0	0	0	0	4.439	0	0	0	
0	0	0	0	0	1	0.144	0	1	0	
0	0	0	0	0	1	0.129	0	1	0	
0	0	0	0	0	0	4.459	0	0	0	
0	0	0	0	0	1	0.164	0	1	0	
0	0	0	0	0	1	0.148	0	1	0	
0	0	0	0	0	0	4.478	0	0	0	
0	0	0	0	0	1	0.183	0	1	0	
0	0	0	0	0	1	0.167	0	1	0	
0	0	0	0	0	0	4.497	0	0	0	
0	0	0	0	0	1	0.202	0	1	0	
0	0	0	0	0	1	0.185	0	1	0	
0	0	0	0	0	0	4.515	0	0	0	
0	0	0	0	0	1	0.22	0	1	0	
0	0	0	0	0	1	0.201	0	1	0	
0	0	0	0	0	0	4.534	0	0	0	
0	0	0	0	0	1	0.239	0	1	0	
0	0	0	0	0	1	0.219	0	1	0	
0	0	0	0	0	0	4.549	0	0	0	
0	0	0	0	0	1	0.254	0	1	0	
0	0	0	0	0	1	0.235	0	1	0	
0	0	0	0	0	0	4.566	0	0	0	
0	0	0	0	0	1	0	0	1	0	
0	0	0	0	0	1	0	0	1	0	
0	0	0	0	0	0	4.583	0	0	0	
0	0	0	0	0	1	0.016	0	1	0	
0	0	0	0	0	1	0.017	0	1	0	
0	0	0	0	0	0	4.6	0	0	0	
0	0	0	0	0	1	0.034	0	1	0	
0	0	0	0	0	1	0.036	0	1	0	
0	0	0	0	0	0	4.619	0	0	0	
0	0	0	0	0	1	0.053	0	1	0	
0	0	0	0	0	1	0.055	0	1	0	
0	0	0	0	0	0	4.639	0	0	0	
0	0	0	0	0	1	0.072	0	1	0	
0	0	0	0	0	1	0.072	0	1	0	
0	0	0	0	0	0	4.655	0	0	0	
0	0	0	0	0	1	0.088	0	1	0	
0	0	0	0	0	1	0.089	0	1	0	
0	0	0	0	0	0	4.672	0	0	0	
0	0	0	0	0	1	0.105	0	1	0	
0	0	0	0	0	1	0.107	0	1	0	
0	0	0	0	0	0	4.69	0	0	0	
0	0	0	0	0	1	0.123	0	1	0	
0	0	0	0	0	1	0.126	0	1	0	
0	0	0	0	0	0	4.709	0	0	0	
0	0	0	0	0	1	0.143	0	1	0	
0	0	0	0	0	1	0.145	0	1	0	
0	0	0	0	0	0	4.728	0	0	0	
0	0	0	0	0	1	0.161	0	1	0	
0	0	0	0	0	1	0.162	0	1	0	
0	0	0	0	0	0	4.745	0	0	0	
0	0	0	0	0	1	0.178	0	1	0	
0	0	0	0	0	1	0.179	0	1	0	
0	0	0	0	0	0	4.762	0	0	0	
0	0	0	0	0	1	0.195	0	1	0	
0	0	0	0	0	1	0.196	0	1	0	
0	0	0	0	0	0	4.78	0	0	0	
0	0	0	0	0	1	0.213	0	1	0	
0	0	0	0	0	1	0.214	0	1	0	
0	0	0	0	0	0	4.798	0	0	0	
0	0	0	0	0	1	0.231	0	1	0	
0	0	0	0	0	1	0.233	0	1	0	
0	0	0	0	0	0	4.816	0	0	0	
0	0	0	0	0	1	0.25	0	1	0	
0	0	0	0	0	1	0	0	1	0	
0	0	0	0	0	0	4.835	0	0	0	
0	0	0	0	0	1	0	0	1	0	
0	0	0	0	0	1	0.017	0	1	0	
0	0	0	0	0	0	4.852	0	0	0	
0	0	0	0	0	1	0.017	0	1	0	
0	0	0	0	0	1	0.035	0	1	0	
0	0	0	0	0	0	4.871	0	0	0	
0	0	0	0	0	1	0.036	0	1	0	
0	0	0	0	0	1	0.054	0	1	0	
0	0	0	0	0	0	4.889	0	0	0	
0	0	0	0	0	1	0.054	0	1	0	
0	0	0	0	0	1	0.074	0	1	0	
0	0	0	0	0	0	4.909	0	0	0	
0	0	0	0	0	1	0.074	0	1	0	
0	0	0	0	0	1	0.089	0	1	0	
0	0	0	0	0	0	4.924	0	0	0	
0	0	0	0	0	1	0.089	0	1	0	
0	0	0	0	0	1	0.107	0	1	0	
0	0	0	0	0	0	4.942	0	0	0	
0	0	0	0	0	1	0.107	0	1	0	
0	0	0	0	0	1	0.125	0	1	0	
0	0	0	0	0	0	4.96	0	0	0	
0	0	0	0	0	1	0.125	0	1	0	
0	0	0	0	0	1	0.142	0	1	0	
0	0	0	0	0	0	4.977	0	0	0	
0	0	0	0	0	1	0.142	0	1	0	
0	0	0	0	0	1	0.161	0	1	0	
0	0	0	0	0	0	4.996	0	0	0	
0	0	0	0	0	1	0.161	0	1	0	
0	0	0	0	0	1	0.18	0	1	0	
0	0	0	0	0	0	5.015	0	0	0	
0	0	0	0	0	1	0.18	0	1	0	
0	0	0	0	0	1	0.198	0	1	0	
0	0	0	0	0	0	5.033	0	0	0	
0	0	0	0	0	1	0.199	0	1	0	
0	0	0	0	0	1	0.216	0	1	0	
0	0	0	0	0	0	5.053	0	0	0	
0	0	0	0	0	1	0.218	0	1	0	
0	0	0	0	0	1	0.234	0	1	0	
0	0	0	0	0	0	5.069	0	0	0	
0	0	0	0	0	1	0.234	0	1	0	
0	0	0	0	0	1	0	0	1	0	
0	0	0	0	0	0	5.087	0	0	0	
0	0	0	0	0	1	0	0	1	0	
0	0	0	0	0	1	0.018	0	1	0	
0	0	0	0	0	0	5.105	0	0	0	
0	0	0	0	0	1	0.017	0	1	0	
0	0	0	0	0	1	0.035	0	1	0	
0	0	0	0	0	0	5.122	0	0	0	
0	0	0	0	0	1	0.033	0	1	0	
0	0	0	0	0	1	0.053	0	1	0	
0	0	0	0	0	0	5.141	0	0	0	
0	0	0	0	0	1	0.052	0	1	0	
0	0	0	0	0	1	0.072	0	1	0	
0	0	0	0	0	0	5.16	0	0	0	
0	0	0	0	0	1	0.071	0	1	0	
0	0	0	0	0	1	0.09	0	1	0	
0	0	0	0	0	0	5.177	0	0	0	
0	0	0	0	0	1	0.088	0	1	0	
0	0	0	0	0	1	0.11	0	1	0	
0	0	0	0	0	0	5.197	0	0	0	
0	0	0	0	0	1	0.108	0	1	0	
0	0	0	0	0	1	0.124	0	1	0	
0	0	0	0	0	0	5.211	0	0	0	
0	0	0	0	0	1	0.123	0	1	0	
0	0	0	0	0	1	0.143	0	1	0	
0	0	0	0	0	0	5.23	0	0	0	
0	0	0	0	0	1	0.141	0	1	0	
0	0	0	0	0	1	0.161	0	1	0	
0	0	0	0	0	0	5.248	0	0	0	
0	0	0	0	0	1	0.159	0	1	0	
0	0	0	0	0	1	0.178	0	1	0	
0	0	0	0	0	0	5.265	0	0	0	
0	0	0	0	0	1	0.176	0	1	0	
0	0	0	0	0	1	0.197	0	1	0	
0	0	0	0	0	0	5.284	0	0	0	
0	0	0	0	0	1	0.195	0	1	0	
0	0	0	0	0	1	0.215	0	1	0	
0	0	0	0	0	0	1.79769e+308	0	0	0	
0	0	0	0	0	1	0.213	0	1	0	
0	0	0	0	0	1	0.232	1	1	0	
0	0	0	0	0	0	1.79769e+308	0	0	0	
0	0	0	0	0	1	0.231	0	1	0	
0	0	0	0	0	1	0.249	1	1	0	
0	0	0	0	0	0	1.79769e+308	0	0	0	
0	0	0	0	0	1	0.25	0	1	0	
0	0	0	0	0	1	0	1	1	0	
0	0	0	0	0	0	1.79769e+308	0	0	0	
0	0	0	0	0	1	0	0	1	0	
0	0	0	0	0	1	0.014	0	1	0	
0	0	0	0	0	0	1.79769e+308	0	0	0	
0	0	0	0	0	1	0.014	0	1	0	
0	0	0	0	0	1	0.032	0	1	0	
0	0	0	0	0	0	1.79769e+308	0	0	0	
0	0	0	0	0	1	0.032	0	1	0	
0	0	0	0	0	1	0.05	0	1	0	
0	0	0	0	0	0	1.79769e+308	0	0	0	
0	0	0	0	0	1	0.05	0	1	0	
0	0	0	0	0	1	0.067	0	1	0	
0	0	0	0	0	0	1.79769e+308	0	0	0	
0	0	0	0	0	1	0.068	0	1	0	
0	0	0	0	0	1	0.085	0	1	0	
0	0	0	0	0	0	1.79769e+308	0	0	0	
0	0	0	0	0	1	0.085	0	1	0	
0	0	0	0	0	1	0.103	0	1	0	
0	0	0	0	0	0	1.79769e+308	0	0	0	
0	0	0	0	0	1	0.103	0	1	0	
0	0	0	0	0	1	0.12	0	1	0	
0	0	0	0	0	0	1.79769e+308	0	0	0	
0	0	0	0	0	1	0.121	0	1	0	
0	0	0	0	0	1	0.137	0	1	0	
0	0	0	0	0	0	1.79769e+308	0	0	0	
0	0	0	0	0	1	0.137	0	1	0	
0	0	0	0	0	1	0.153	0	1	0	
0	0	0	0	0	0	1.79769e+308	0	0	0	
0	0	0	0	0	1	0.154	0	1	0	
0	0	0	0	0	1	0.171	0	1	0	
0	0	0	0	0	0	1.79769e+308	0	0	0	
0	0	0	0	0	1	0.171	0	1	0	
0	0	0	0	0	1	0.188	0	1	0	
0	0	0	0	0	0	1.79769e+308	0	0	0	
0	0	0	0	0	1	0.188	0	1	0	
0	0	0	0	0	1	0.206	0	1	0	
0	0	0	0	0	0	1.79769e+308	0	0	0	
0	0	0	0	0	1	0.206	0	1	0	
0	0	0	0	0	1	0.224	0	1	0	
0	0	0	0	0	0	1.79769e+308	0	0	0	
0	0	0	0	0	1	0.225	0	1	0	
0	0	0	0	0	1	0.242	0	1	0	
0	0	0	0	0	0	1.79769e+308	0	0	0	
0	0	0	0	0	1	0.243	0	1	0	
0	0	0	0	0	1	0	0	1	0	
0	0	0	0	0	0	1.79769e+308	0	0	0	
0	0	0	0	0	1	0	0	1	0	
0	0	0	0	0	1	0.019	0	1	0	
0	0	0	0	0	0	1.79769e+308	0	0	0	
0	0	0	0	0	1	0.019	1	1	1	
0	0	0	0	0	1	0.037	0	1	0	
0	0	0	0	0	0	1.79769e+308	0	0	0	
0	0	0	0	0	1	0.037	0	1	0	
0	0	0	0	0	1	0.055	0	1	0	
0	0	0	0	0	0	1.79769e+308	0	0	0	
0	0	0	0	0	1	0.056	0	1	0	
0	0	0	0	0	1	0.071	0	1	0	
0	0	0	0	0	0	1.79769e+308	0	0	0	
0	0	0	0	0	1	0.071	0	1	0	
0	0	0	0	0	1	0.089	0	1	0	
0	0	0	0	0	0	1.79769e+308	0	0	0	
0	0	0	0	0	1	0.089	0	1	0	
0	0	0	0	0	1	0.108	0	1	0	
0	0	0	0	0	0	1.79769e+308	0	0	0	
0	0	0	0	0	1	0.108	0	1	0	
0	0	0	0	0	1	0.125	0	1	0	
0	0	0	0	0	0	1.79769e+308	0	0	0	
0	0	0	0	0	1	0.125	0	1	0	
0	0	0	0	0	1	0.143	0	1	0	
0	0	0	0	0	0	1.79769e+308	0	0	0	
0	0	0	0	0	1	0.143	0	1	0	
0	0	0	0	0	1	0.16	0	1	0	
0	0	0	0	0	0	1.79769e+308	0	0	0	
0	0	0	0	0	1	0.16	0	1	0	
0	0	0	0	0	1	0.179	0	1	0	
0	0	0	0	0	0	1.79769e+308	0	0	0	
0	0	0	0	0	1	0.18	0	1	0	
0	0	0	0	0	1	0.196	0	1	0	
0	0	0	0	0	0	9.844	0	0	0	
0	0	0	0	0	1	0.196	0	1	0	
0	0	0	0	0	1	0.213	0	1	0	
0	0	0	0	0	0	9.863	0	0	0	
0	0	0	0	0	1	0.215	0	1	0	
0	0	0	0	0	1	0.232	0	1	0	
0	0	0	0	0	0	9.881	0	0	0	
0	0	0	0	0	1	0.233	0	1	0	
0	0	0	0	0	1	0	0	1	0	
0	0	0	0	0	0	9.897	0	0	0	
0	0	0	0	0	1	0	0	1	0	
0	0	0	0	0	1	0.019	0	1	0	
0	0	0	0	0	0	9.916	0	0	0	
0	0	0	0	0	1	0.018	0	1	0	
0	0	0	0	0	1	0.035	0	1	0	
0	0	0	0	0	0	9.932	0	0	0	
0	0	0	0	0	1	0.034	0	1	0	
0	0	0	0	0	1	0.055	0	1	0	
0	0	0	0	0	0	9.952	0	0	0	
0	0	0	0	0	1	0.054	0	1	0	
0	0	0	0	0	1	0.071	0	1	0	
0	0	0	0	0	0	9.969	0	0	0	
0	0	0	0	0	1	0.071	0	1	0	
0	0	0	0	0	1	0.09	0	1	0	
0	0	0	0	0	0	9.987	0	0	0	
0	0	0	0	0	1	0.09	0	1	0	
0	0	0	0	0	1	0.109	0	1	0	
0	0	0	0	0	0	10.006	0	0	0	
0	0	0	0	0	1	0.109	0	1	0	
0	0	0	0	0	1	0.126	1	1	1	
0	0	0	0	0	0	10.024	0	0	0	
0	0	0	0	0	1	0.126	0	1	0	
0	0	0	0	0	1	0.145	0	1	0	
0	0	0	0	0	0	10.042	0	0	0	
0	0	0	0	0	1	0.144	0	1	0	
0	0	0	0	0	1	0.162	0	1	0	
0	0	0	0	0	0	10.059	0	0	0	
0	0	0	0	0	1	0.161	0	1	0	
0	0	0	0	0	1	0.18	0	1	0	
0	0	0	0	0	0	10.077	0	0	0	
0	0	0	0	0	1	0.179	0	1	0	
0	0	0	0	0	1	0.199	0	1	0	
0	0	0	0	0	0	10.096	0	0	0	
0	0	0	0	0	1	0.198	0	1	0	
0	0	0	0	0	1	0.217	0	1	0	
0	0	0	0	0	0	10.115	0	0	0	
0	0	0	0	0	1	0.217	0	1	0	
0	0	0	0	0	1	0.234	0	1	0	
0	0	0	0	0	0	10.131	0	0	0	
0	0	0	0	0	1	0.233	0	1	0	
0	0	0	0	0	1	0	0	1	0	
0	0	0	0	0	0	10.149	0	0	0	
0	0	0	0	0	1	0	0	1	0	
0	0	0	0	0	1	0.019	0	1	0	
0	0	0	0	0	0	10.168	0	0	0	
0	0	0	0	0	1	0.018	0	1	0	
0	0	0	0	0	1	0.038	0	1	0	
0	0	0	0	0	0	10.187	0	0	0	
0	0	0	0	0	1	0.037	0	1	0	
0	0	0	0	0	1	0.057	0	1	0	
0	0	0	0	0	0	10.206	0	0	0	
0	0	0	0	0	1	0.056	0	1	0	
0	0	0	0	0	1	0.076	0	1	0	
0	0	0	0	0	0	10.225	0	0	0	
0	0	0	0	0	1	0.075	0	1	0	
0	0	0	0	0	1	0.095	0	1	0	
0	0	0	0	0	0	10.244	0	0	0	
0	0	0	0	0	1	0.094	0	1	0	
0	0	0	0	0	1	0.113	0	1	0	
0	0	0	0	0	0	10.262	0	0	0	
0	0	0	0	0	1	0.112	1	1	1	
0	0	0	0	0	1	0.131	0	1	0	
0	0	0	0	0	0	10.28	0	0	0	
0	0	0	0	0	1	0.13	0	1	0	
0	0	0	0	0	1	0.15	0	1	0	
0	0	0	0	0	0	10.299	0	0	0	
0	0	0	0	0	1	0.149	0	1	0	
0	0	0	0	0	1	0.169	0	1	0	
0	0	0	0	0	0	10.318	0	0	0	
0	0	0	0	0	1	0.168	1	1	1	
0	0	0	0	0	1	0.187	0	1	0	
0	0	0	0	0	0	10.336	0	0	0	
0	0	0	0	0	1	0.186	0	1	0	
0	0	0	0	0	1	0.206	0	1	0	
0	0	0	0	0	0	10.355	0	0	0	
0	0	0	0	0	1	0.205	0	1	0	
0	0	0	0	0	1	0.223	0	1	0	
0	0	0	0	0	0	10.373	0	0	0	
0	0	0	0	0	1	0.223	1	1	1	
0	0	0	0	0	1	0.24	0	1	0	
0	0	0	0	0	0	10.389	0	0	0	
0	0	0	0	0	1	0.239	0	1	0	
0	0	0	0	0	1	0	0	1	0	
0	0	0	0	0	0	10.407	0	0	0	
0	0	0	0	0	1	0	0	1	0	
0	0	0	0	0	1	0.017	0	1	0	
0	0	0	0	0	0	10.424	0	0	0	
0	0	0	0	0	1	0.015	0	1	0	
0	0	0	0	0	1	0.035	0	1	0	
0	0	0	0	0	0	10.442	0	0	0	
0	0	0	0	0	1	0.033	0	1	0	
0	0	0	0	0	1	0.053	0	1	0	
0	0	0	0	0	0	10.46	0	0	0	
0	0	0	0	0	1	0.051	0	1	0	
0	0	0	0	0	1	0.071	0	1	0	
0	0	0	0	0	0	10.478	0	0	0	
0	0	0	0	0	1	0.069	0	1	0	
0	0	0	0	0	1	0.089	0	1	0	
0	0	0	0	0	0	10.497	0	0	0	
0	0	0	0	0	1	0.088	0	1	0	
0	0	0	0	0	1	0.107	0	1	0	
0	0	0	0	0	0	10.514	0	0	0	
0	0	0	0	0	1	0.105	0	1	0	
0	0	0	0	0	1	0.126	0	1	0	
0	0	0	0	0	0	10.533	0	0	0	
0	0	0	0	0	1	0.124	0	1	0	
0	0	0	0	0	1	0.143	0	1	0	
0	0	0	0	0	0	10.55	0	0	0	
0	0	0	0	0	1	0.141	0	1	0	
0	0	0	0	0	1	0.16	0	1	0	
0	0	0	0	0	0	10.567	0	0	0	
0	0	0	0	0	1	0.158	0	1	0	
0	0	0	0	0	1	0.177	0	1	0	
0	0	0	0	0	0	10.584	0	0	0	
0	0	0	0	0	1	0.175	0	1	0	
0	0	0	0	0	1	0.195	0	1	0	
0	0	0	0	0	0	10.602	0	0	0	
0	0	0	0	0	1	0.194	0	1	0	
0	0	0	0	0	1	0.213	0	1	0	
0	0	0	0	0	0	10.621	0	0	0	
0	0	0	0	0	1	0.212	0	1	0	
0	0	0	0	0	1	0.233	0	1	0	
0	0	0	0	0	0	10.64	0	0	0	
0	0	0	0	0	1	0.231	0	1	0	
0	0	0	0	0	1	0	0	1	0	
0	0	0	0	0	0	10.658	0	0	0	
0	0	0	0	0	1	0.25	0	1	0	
0	0	0	0	0	1	0.016	0	1	0	
0	0	0	0	0	0	10.674	0	0	0	
0	0	0	0	0	1	0	0	1	0	
0	0	0	0	0	1	0.035	0	1	0	
0	0	0	0	0	0	10.693	0	0	0	
0	0	0	0	0	1	0.018	0	1	0	
0	0	0	0	0	1	0.054	0	1	0	
0	0	0	0	0	0	10.712	0	0	0	
0	0	0	0	0	1	0.037	0	1	0	
0	0	0	0	0	1	0.071	0	1	0	
0	0	0	0	0	0	10.729	0	0	0	
0	0	0	0	0	1	0.054	0	1	0	
0	0	0	0	0	1	0.089	0	1	0	
0	0	0	0	0	0	10.747	0	0	0	
0	0	0	0	0	1	0.072	0	1	0	
0	0	0	0	0	1	0.106	0	1	0	
0	0	0	0	0	0	10.765	0	0	0	
0	0	0	0	0	1	0.09	0	1	0	
0	0	0	0	0	1	0.125	0	1	0	
0	0	0	0	0	0	10.783	0	0	0	
0	0	0	0	0	1	0.108	0	1	0	
0	0	0	0	0	1	0.144	0	1	0	
0	0	0	0	0	0	10.802	0	0	0	
0	0	0	0	0	1	0.127	0	1	0	
0	0	0	0	0	1	0.161	0	1	0	
0	0	0	0	0	0	10.819	0	0	0	
0	0	0	0	0	1	0.144	0	1	0	
0	0	0	0	0	1	0.18	0	1	0	
0	0	0	0	0	0	10.838	0	0	0	
0	0	0	0	0	1	0.164	0	1	0	
0	0	0	0	0	1	0.197	0	1	0	
0	0	0	0	0	0	10.855	0	0	0	
0	0	0	0	0	1	0.18	0	1	0	
0	0	0	0	0	1	0.216	0	1	0	
0	0	0	0	0	0	10.875	0	0	0	
0	0	0	0	0	1	0.2	0	1	0	
0	0	0	0	0	1	0.234	0	1	0	
0	0	0	0	0	0	10.892	0	0	0	
0	0	0	0	0	1	0.217	0	1	0	
0	0	0	0	0	1	0.252	0	1	0	
0	0	0	0	0	0	10.91	0	0	0	
0	0	0	0	0	1	0.237	0	1	0	
0	0	0	0	0	1	0	0	1	0	
0	0	0	0	0	0	10.928	0	0	0	
0	0	0	0	0	1	0	0	1	0	
0	0	0	0	0	1	0.017	0	1	0	
0	0	0	0	0	0	10.945	0	0	0	
0	0	0	0	0	1	0.018	0	1	0	
0	0	0	0	0	1	0.034	0	1	0	
0	0	0	0	0	0	10.962	0	0	0	
0	0	0	0	0	1	0.034	0	1	0	
0	0	0	0	0	1	0.052	0	1	0	
0	0	0	0	0	0	10.98	0	0	0	
0	0	0	0	0	1	0.052	0	1	0	
0	0	0	0	0	1	0.071	0	1	0	
0	0	0	0	0	0	10.999	0	0	0	
0	0	0	0	0	1	0.071	0	1	0	
0	0	0	0	0	1	0.09	0	1	0	
0	0	0	0	0	0	11.018	0	0	0	
0	0	0	0	0	1	0.09	0	1	0	
0	0	0	0	0	1	0.107	0	1	0	
0	0	0	0	0	0	11.035	0	0	0	
0	0	0	0	0	1	0.107	0	1	0	
0	0	0	0	0	1	0.124	0	1	0	
0	0	0	0	0	0	11.052	0	0	0	
0	0	0	0	0	1	0.124	0	1	0	
0	0	0	0	0	1	0.143	0	1	0	
0	0	0	0	0	0	11.071	0	0	0	
0	0	0	0	0	1	0.143	0	1	0	
0	0	0	0	0	1	0.161	0	1	0	
0	0	0	0	0	0	11.089	0	0	0	
0	0	0	0	0	1	0.161	0	1	0	
0	0	0	0	0	1	0.179	0	1	0	
0	0	0	0	0	0	11.107	0	0	0	
0	0	0	0	0	1	0.18	0	1	0	
0	0	0	0	0	1	0.197	0	1	0	
0	0	0	0	0	0	11.127	0	0	0	
0	0	0	0	0	1	0.199	0	1	0	
0	0	0	0	0	1	0.214	0	1	0	
0	0	0	0	0	0	11.143	0	0	0	
0	0	0	0	0	1	0.215	0	1	0	
0	0	0	0	0	1	0.233	0	1	0	
0	0	0	0	0	0	11.161	0	0	0	
0	0	0	0	0	1	0.234	0	1	0	
0	0	0	0	0	1	0.253	0	1	0	
0	0	0	0	0	0	11.181	0	0	0	
0	0	0	0	0	1	0.253	0	1	0	
0	0	0	0	0	1	0	0	1	0	
0	0	0	0	0	0	11.198	0	0	0	
0	0	0	0	0	1	0	0	1	0	
0	0	0	0	0	1	0.018	0	1	0	
0	0	0	0	0	0	11.216	0	0	0	
0	0	0	0	0	1	0.019	0	1	0	
0	0	0	0	0	1	0.036	0	1	0	
0	0	0	0	0	0	11.234	0	0	0	
0	0	0	0	0	1	0.037	0	1	0	
0	0	0	0	0	1	0.054	0	1	0	
0	0	0	0	0	1	0	0	0	0	
0	0	0	0	0	1	0.054	0	1	0	
0	0	0	0	0	1	0.072	0	1	0	
0	0	0	0	0	1	0.019	0	0	0	
0	0	0	0	0	1	0.073	1	1	1	
0	0	0	0	0	1	0.09	0	1	0	
0	0	0	0	0	1	0.037	0	0	0	
0	0	0	0	0	1	0.091	0	1	0	
0	0	0	0	0	1	0.108	0	1	0	
0	0	0	0	0	1	0.055	0	0	0	
0	0	0	0	0	1	0.109	0	1	0	
0	0	0	0	0	1	0.125	0	1	0	
0	0	0	0	0	1	0.071	0	0	0	
0	0	0	0	0	1	0.126	0	1	0	
0	0	0	0	0	1	0.143	0	1	0	
0	0	0	0	0	1	0.089	0	0	0	
0	0	0	0	0	1	0.143	0	1	0	
0	0	0	0	0	1	0.161	0	1	0	
0	0	0	0	0	1	0.108	0	0	0	
0	0	0	0	0	1	0.162	0	1	0	
0	0	0	0	0	1	0.18	0	1	0	
0	0	0	0	0	1	0.127	0	0	0	
0	0	0	0	0	1	0.182	0	1	0	
0	0	0	0	0	1	0.198	0	1	0	
0	0	0	0	0	1	0.144	0	0	0	
0	0	0	0	0	1	0.199	0	1	0	
0	0	0	0	0	1	0.216	0	1	0	
0	0	0	0	0	1	0.162	0	0	0	
0	0	0	0	0	1	0.218	0	1	0	
0	0	0	0	0	1	0.234	0	1	0	
0	0	0	0	0	1	0.18	0	0	0	
0	0	0	0	0	1	0.234	0	1	0	
0	0	0	0	0	1	0	0	1	0	
0	0	0	0	0	1	0.199	0	0	0	
0	0	0	0	0	1	0.253	0	1	0	
0	0	0	0	0	1	0.019	0	1	0	
0	0	0	0	0	1	0.218	0	1	0	
0	0	0	0	0	1	0	0	1	0	
